0.000000 14.113018 13.638181
0.016425 10.977095 10.746543
0.032875 5.430310 5.419909
0.049301 -0.605894 -0.564010
0.065775 -4.095355 -3.679248
0.082483 -1.234851 -0.122809
0.098651 -0.437158 0.610184
0.115056 -0.558630 0.034858
0.131424 -0.547067 -0.645448
0.147859 0.426265 0.906657
0.164377 -0.236875 -0.963122
0.180682 -1.373225 -4.550464
0.197173 -2.600516 -6.619108
0.213576 -2.895694 -7.519448
0.230077 -2.457129 -7.132503
0.246501 -1.383403 -5.374064
0.262900 -0.800769 -3.204370
0.279301 0.811064 0.120236
0.295724 0.976048 1.804913
0.312146 -0.391925 0.044861
0.328638 -1.001834 0.643025
0.345000 -0.775416 0.732277
0.361463 -0.645188 0.391309
0.377909 -0.104233 1.187411
0.394283 0.829680 2.336516
0.410692 -0.538207 1.950262
0.427154 0.063578 2.040435
0.443655 1.152514 1.694981
0.459999 2.939929 1.238929
0.476501 3.870946 0.669512
0.492848 3.518250 0.099555
0.509246 2.834773 -0.053134
0.525677 1.974506 -0.045355
0.542208 0.560012 -0.085295
0.558549 -1.218650 -0.475784
0.575021 -0.458577 0.588901
0.591425 -0.764305 1.383210
0.607889 -0.214460 1.654067
0.624320 0.072056 1.466967
0.640793 0.596408 0.680046
0.657179 1.365674 -0.559210
0.673592 1.154318 -0.929185
0.690348 0.383292 -2.614413
0.706472 -0.123725 -0.606748
0.722872 0.253707 3.234334
0.739320 0.576763 6.798767
0.755874 1.689831 8.283649
0.772194 2.263149 7.299479
0.788639 2.367388 4.040350
0.804966 1.984949 0.780165
0.821424 1.136799 -1.330949
0.837981 0.483347 -1.936722
0.854348 0.411371 1.011258
0.870719 0.104516 2.162263
0.887196 0.059449 2.918335
0.903632 0.150332 2.227768
0.920003 0.066119 0.864345
0.936440 0.557553 -1.151060
0.952815 -0.043300 -0.541887
0.969306 -0.669394 0.363570
0.985706 -1.188380 1.447753
1.002228 -1.603952 1.938314
1.018597 -1.764020 2.199932
1.035093 -1.493346 2.010741
1.051543 -1.007586 1.001655
1.067982 -0.209104 0.155036
1.084263 -0.163810 0.027119
1.100752 -0.264689 1.116157
1.117281 0.292466 0.674029
1.133592 0.466217 0.107162
1.149979 0.495409 -0.427956
1.166487 0.372209 -0.177686
1.182926 0.196937 -0.002370
1.199321 -0.202017 0.634154
1.215678 -0.602918 0.426911
1.232136 0.094151 2.517082
1.248636 -0.571972 -1.674298
1.265010 -2.254301 -7.810594
1.281423 -3.336723 -12.921418
1.297864 -4.052785 -15.886706
1.314295 -4.068925 -14.504392
1.330750 -3.011704 -9.246185
1.347159 -1.732840 -3.055983
1.363571 -0.370845 1.728282
1.380049 0.286723 4.107226
1.396459 -0.276679 -0.133896
1.412809 -0.085955 -1.085978
1.429427 -0.267521 -1.188404
1.445758 -0.231785 -1.071152
1.462077 0.284002 0.466586
1.478532 0.838193 1.366805
1.495047 1.070807 1.473742
1.511368 1.183963 1.653212
1.527843 1.147365 0.989258
1.544262 0.479213 0.796330
1.560797 -0.799946 1.249829
1.577140 -1.695500 1.798877
1.593570 -1.617611 1.315858
1.610018 -1.174745 0.734624
1.626467 -0.261692 -0.438024
1.642847 -0.359232 -1.581402
1.659304 0.296727 -1.734457
1.675800 -3.443525 -2.861855
1.692233 1.154991 0.620717
1.708569 9.353280 4.541654
1.725069 16.754751 7.087778
1.741527 21.484486 8.042331
1.757824 21.406888 7.505201
1.774316 16.522127 5.632828
1.790780 8.247459 3.074467
1.807100 0.437633 0.357818
1.823590 -4.670889 -1.760781
1.839940 -0.542866 -0.091839
1.856440 -0.637376 -0.491787
1.872830 -0.487656 -0.344178
1.889317 0.217417 0.441913
1.905637 0.372425 0.657610
1.922138 0.181953 0.525842
1.938624 0.354693 0.514228
1.954988 -0.034119 0.390181
1.971449 -0.767315 0.528793
1.987801 -0.902879 0.531718
2.004260 -0.478265 0.131153
2.020802 -0.217292 -0.952185
2.037156 1.252801 -0.804507
2.053628 2.125709 0.139054
2.069966 2.516100 1.597954
2.086385 2.066014 2.913704
2.102959 0.705826 3.321762
2.119237 0.143824 3.103029
2.135695 -0.065144 1.843651
2.152191 -0.181789 0.175737
2.168551 0.266211 -1.870873
2.184949 0.234473 -1.413625
2.201445 -0.439250 -0.634218
2.217923 -0.679289 0.578370
2.234265 -0.381464 1.725817
2.250695 -0.111356 2.825774
2.267134 -0.348530 3.175544
2.283509 0.207783 1.450630
2.300048 -0.648188 0.862909
2.316444 1.128212 1.298357
2.332823 -3.249682 2.882314
2.349212 -9.750400 3.511824
2.365733 -16.360944 3.435539
2.382120 -19.733610 2.676690
2.398593 -18.531951 1.480756
2.414967 -12.538672 0.093525
2.431456 -4.747181 -0.861527
2.447819 1.280486 0.000000
2.464299 4.914736 0.000000
2.480821 1.382111 0.000000
2.497126 -0.199399 0.000000
2.513570 -0.802250 0.000000
2.529944 -0.839247 0.000000
2.546418 0.022837 0.000000
2.562841 0.946452 0.000000
2.579318 0.909176 0.000000
2.595695 0.814603 0.000000
2.612135 0.588950 0.000000
2.628551 0.156698 0.000000
2.645026 -0.380750 0.000000
2.661386 -0.479822 0.000000
2.677885 -0.733806 0.000000
2.694262 -0.713387 0.000000
2.710695 -1.216893 0.000000
2.727113 -1.589898 0.000000
2.743513 -1.285612 0.000000
2.759943 -0.530983 0.000000
2.776386 -0.041489 0.000000
2.792924 0.808349 0.000000
2.809241 0.682783 0.000000
2.825726 1.203825 0.000000
2.842137 0.745411 0.000000
2.858508 -0.251102 0.000000
2.875007 -0.409100 0.000000
2.891381 -0.330894 0.000000
2.907820 0.601843 0.000000
2.924266 0.564958 1.525140
2.940715 -0.242528 0.065288
2.957211 -2.134838 -0.964857
2.973688 -2.884277 -4.854582
2.989965 -3.574897 -9.898941
3.006620 -1.831852 -13.591225
3.022841 0.389884 -14.363764
3.039218 1.999640 -11.751702
3.055676 2.512775 -6.640616
3.072173 1.832929 -1.410499
3.088592 2.693025 3.043424
3.104966 -0.900959 2.929788
3.121446 -5.293636 -2.839987
3.137856 -9.414993 -7.530354
3.154223 -11.951547 -10.051756
