0.000000 573.676800 615.670200
0.016425 581.923200 630.358200
0.032875 622.368000 611.458200
0.049301 607.891200 594.410400
0.065775 607.737600 594.086400
0.082483 552.528000 636.892200
0.098651 556.329600 584.739000
0.115056 553.996800 579.074400
0.131424 566.006400 615.902400
0.147859 572.313600 620.357400
0.164377 562.848000 602.645400
0.180682 476.812800 528.859800
0.197173 565.430400 558.657000
0.213576 567.321600 564.116400
0.230077 423.129600 203.304600
0.246501 396.393600 237.195000
0.262900 409.161600 263.341800
0.279301 447.993600 203.758200
0.295724 458.304000 225.455400
0.312146 464.899200 240.559200
0.328638 415.795200 227.107800
0.345000 413.817600 256.122000
0.361463 407.952000 243.961200
0.377909 421.747200 262.839600
0.394283 422.640000 274.789800
0.410692 422.640000 274.789800
0.427154 391.449600 332.326800
0.443655 452.035200 379.836000
0.459999 452.035200 379.836000
0.476501 380.400000 316.170000
0.492848 585.667200 401.392800
0.509246 580.608000 388.805400
0.525677 618.048000 379.263600
0.542208 577.843200 379.981800
0.558549 572.841600 367.502400
0.575021 616.675200 360.909000
0.591425 579.936000 387.374400
0.607889 588.988800 409.833000
0.624320 553.488000 404.940600
0.640793 574.617600 444.042000
0.657179 579.984000 456.440400
0.673592 626.131200 420.670800
0.690348 623.040000 412.603200
0.706472 615.724800 395.047800
0.722872 621.033600 382.719600
0.739320 606.796800 428.430600
0.755874 604.579200 421.102800
0.772194 680.304000 756.426600
0.788639 690.288000 749.676600
0.804966 689.788800 746.388000
0.821424 741.744000 697.863600
0.837981 734.534400 654.701400
0.854348 738.086400 666.748800
0.870719 736.905600 744.751800
0.887196 741.811200 755.254800
0.903632 745.353600 763.959600
0.920003 741.292800 780.753600
0.936440 751.449600 806.884200
0.952815 751.449600 806.884200
0.969306 731.472000 766.897200
0.985706 757.142400 753.359400
1.002228 752.918400 740.043000
1.018597 659.520000 912.843000
1.035093 684.940800 876.544200
1.051543 675.571200 864.394200
1.067982 660.633600 839.683800
1.084263 654.643200 879.951600
1.100752 669.427200 901.519200
1.117281 659.769600 892.382400
1.133592 651.350400 903.603600
1.149979 651.964800 904.505400
1.166487 699.916800 882.532800
1.182926 673.190400 892.690200
1.199321 673.190400 892.690200
1.215678 673.718400 898.263000
1.232136 660.288000 904.743000
1.248636 655.756800 898.063200
1.265010 653.232000 909.122400
1.281423 641.616000 806.047200
1.297864 633.456000 792.325800
1.314295 461.385600 201.371400
1.330750 472.089600 201.663000
1.347159 478.080000 216.043200
1.363571 449.808000 201.425400
1.380049 457.267200 299.716200
1.396459 461.193600 306.023400
1.412809 433.622400 227.107800
1.429427 451.286400 237.054600
1.445758 447.014400 229.683600
1.462077 463.536000 207.581400
1.478532 430.752000 245.440800
1.495047 439.766400 266.652000
1.511368 490.272000 251.812800
1.527843 496.406400 294.175800
1.544262 501.763200 306.547200
1.560797 494.409600 315.327600
1.577140 479.020800 305.618400
1.593570 482.601600 311.347800
1.610018 431.606400 381.742200
1.626467 426.508800 376.974000
1.642847 423.369600 369.311400
1.659304 449.980800 301.708800
1.675800 459.024000 293.625000
1.692233 455.040000 286.351200
1.708569 415.680000 313.453800
1.725069 522.297600 363.544200
1.741527 515.116800 345.621600
1.757824 1394.620800 698.668200
1.774316 1397.414400 657.784800
1.790780 1401.619200 645.656400
1.807100 1442.121600 699.823800
1.823590 1429.363200 684.309600
1.839940 1424.620800 693.403200
1.856440 1407.254400 676.047600
1.872830 1397.721600 657.244800
1.889317 1397.721600 657.244800
1.905637 1417.267200 690.368400
1.922138 1416.249600 689.428800
1.938624 1411.766400 698.290200
1.954988 1421.510400 696.378600
1.971449 1403.808000 689.682600
1.987801 1403.808000 689.682600
2.004260 1431.187200 735.679800
2.020802 1364.640000 716.358600
2.037156 1367.894400 711.747000
2.053628 1421.808000 679.422600
2.069966 1451.779200 680.130000
2.086385 1449.936000 679.428000
2.102959 1534.588800 808.693200
2.119237 1479.302400 821.356200
2.135695 1474.444800 828.100800
2.152191 1468.531200 818.920800
2.168551 1499.145600 841.946400
2.184949 1506.134400 834.877800
2.201445 1478.457600 801.937800
2.217923 1490.198400 770.050800
2.234265 1496.332800 759.191400
2.250695 1423.939200 874.854000
2.267134 1489.564800 891.820800
2.283509 1479.840000 903.344400
2.300048 1480.176000 911.898000
2.316444 1430.582400 928.103400
2.332823 1425.715200 934.313400
2.349212 1444.425600 912.821400
2.365733 1269.926400 1080.000000
2.382120 1274.774400 1080.000000
2.398593 628.617600 1080.000000
2.414967 508.300800 1080.000000
2.431456 504.499200 1080.000000
2.447819 559.286400 1080.000000
2.464299 619.910400 1080.000000
2.480821 627.955200 1080.000000
2.497126 583.968000 1080.000000
2.513570 582.057600 1080.000000
2.529944 577.900800 1080.000000
2.546418 603.158400 1080.000000
2.562841 586.262400 1080.000000
2.579318 589.200000 1080.000000
2.595695 582.259200 1080.000000
2.612135 641.184000 1080.000000
2.628551 645.638400 1080.000000
2.645026 603.120000 1080.000000
2.661386 608.112000 1080.000000
2.677885 604.368000 1080.000000
2.694262 589.420800 1080.000000
2.710695 608.534400 1080.000000
2.727113 593.040000 1080.000000
2.743513 541.948800 1080.000000
2.759943 524.764800 1080.000000
2.776386 531.523200 1080.000000
2.792924 562.723200 1080.000000
2.809241 563.875200 1080.000000
2.825726 574.070400 1080.000000
2.842137 552.048000 1080.000000
2.858508 582.691200 1080.000000
2.875007 574.032000 1080.000000
2.891381 640.320000 1080.000000
2.907820 518.784000 1080.000000
2.924266 530.774400 1080.000000
2.940715 601.747200 1080.000000
2.957211 603.532800 1080.000000
2.973688 603.532800 1080.000000
2.989965 483.081600 1080.000000
3.006620 417.292800 784.047600
3.022841 411.196800 777.297600
3.039218 505.574400 445.759200
3.055676 546.902400 367.470000
3.072173 551.510400 378.378000
3.088592 501.417600 404.233200
3.104966 527.875200 432.464400
3.121446 532.809600 442.983600
3.137856 557.356800 428.878800
3.154223 472.838400 426.772800
