0.000000 4.585000
0.016403 4.573480
0.032935 4.562020
0.049342 4.550679
0.065719 4.539514
0.082087 4.528583
0.098573 4.517943
0.114937 4.507648
0.131321 4.497751
0.147848 4.488303
0.164231 4.479352
0.180639 4.470945
0.196999 4.463124
0.213566 4.455930
0.229836 4.449401
0.246426 4.443571
0.262713 4.438470
0.279247 4.434128
0.295596 4.430568
0.312038 4.427810
0.328419 4.425872
0.345125 4.424767
0.361290 4.424506
0.377730 4.425094
0.394270 4.426535
0.410578 4.428827
0.427065 4.431966
0.443501 4.435945
0.459867 4.440752
0.476372 4.446374
0.492703 4.452794
0.509113 4.459991
0.525689 4.467943
0.542068 4.476624
0.558456 4.486008
0.575033 4.496064
0.591339 4.506761
0.607771 4.518065
0.624188 4.529941
0.640586 4.542353
0.657010 4.555263
0.673388 4.568634
0.689771 4.582425
0.706275 4.596597
0.722781 4.611110
0.739211 4.625925
0.755526 4.641000
0.772017 4.656295
0.788385 4.671773
0.804868 4.687392
0.821286 4.703115
0.837775 4.718905
0.854138 4.734724
0.870611 4.750537
0.887129 4.766310
0.903520 4.782008
0.919914 4.797599
0.936359 4.813053
0.952771 4.828339
0.969198 4.843430
0.985692 4.858299
1.001984 4.872919
1.018417 4.887267
1.035003 4.901320
1.051270 4.915058
1.067801 4.928460
1.084320 4.941509
1.100613 4.954188
1.117115 4.966483
1.133474 4.978379
1.149815 4.989864
1.166290 5.000929
1.182830 5.011564
1.199198 5.021761
1.215638 5.031514
1.232007 5.040819
1.248425 5.049671
1.264883 5.058069
1.281370 5.066011
1.297924 5.073498
1.314164 5.080531
1.330540 5.087113
1.347039 5.093248
1.363400 5.098941
1.380002 5.104197
1.396268 5.109025
1.412771 5.113433
1.429270 5.117429
1.445559 5.121025
1.462046 5.124232
1.478447 5.127061
1.494864 5.129527
1.511320 5.131642
1.527745 5.133421
1.544151 5.134881
1.560655 5.136036
1.577017 5.136903
1.593373 5.137499
1.609983 5.137842
1.626336 5.137949
1.642712 5.137839
1.659131 5.137529
1.675557 5.137039
1.692007 5.136387
1.708492 5.135592
1.724868 5.134673
1.741343 5.133648
1.757754 5.132535
1.774244 5.131354
1.790566 5.130122
1.806940 5.128856
1.823368 5.127574
1.839984 5.126292
1.856245 5.125026
1.872658 5.123792
1.889176 5.122604
1.905598 5.121476
1.921971 5.120420
1.938399 5.119450
1.954798 5.118575
1.971302 5.117806
1.987782 5.117152
2.004162 5.116619
2.020591 5.116216
2.036968 5.115947
2.053465 5.115817
2.069799 5.115828
2.086267 5.115982
2.102708 5.116279
2.119147 5.116720
2.135608 5.117301
2.152015 5.118019
2.168468 5.118870
2.184860 5.119849
2.201238 5.120947
2.217766 5.122158
2.234138 5.123472
2.250518 5.124880
2.267050 5.126369
2.283417 5.127930
2.300057 5.129549
2.316245 5.131213
2.332794 5.132908
2.349108 5.134621
2.365588 5.136338
2.382000 5.138044
2.398384 5.139724
2.414841 5.141364
2.431238 5.142951
2.447695 5.144470
2.464135 5.145909
2.480585 5.147254
2.496942 5.148494
2.513463 5.149617
2.529904 5.150613
2.546299 5.151471
2.562675 5.152185
2.579108 5.152745
2.595622 5.153146
2.611970 5.153382
2.628438 5.153449
2.644838 5.153343
2.661209 5.153063
2.677711 5.152608
2.694112 5.151979
2.710596 5.151177
2.726989 5.150204
2.743463 5.149064
2.759796 5.147763
2.776232 5.146304
2.792633 5.144695
2.809094 5.142944
2.825559 5.141056
2.841992 5.139042
2.858496 5.136909
2.874946 5.134668
2.891298 5.132329
2.907746 5.129900
2.924060 5.127393
2.940522 5.124819
2.956940 5.122188
2.973385 5.119511
2.989795 5.116798
3.006266 5.114062
3.022745 5.111312
3.039119 5.108560
3.055581 5.105817
3.071966 5.103092
3.088392 5.100398
3.104797 5.097745
3.121211 5.095142
3.137684 5.092602
3.154090 5.090133
3.170544 5.087745
3.186960 5.085450
3.203594 5.083256
3.219797 5.081173
3.236390 5.079211
3.252719 5.077379
3.269089 5.075685
3.285534 5.074139
3.302011 5.072748
3.318389 5.071521
3.334862 5.070465
3.351216 5.069588
3.367892 5.068897
3.384058 5.068399
3.400577 5.068099
3.416936 5.068003
3.433363 5.068117
3.449796 5.068444
3.466262 5.068989
3.482777 5.069755
3.499066 5.070745
3.515521 5.071961
3.531933 5.073405
3.548387 5.075077
3.564818 5.076978
3.581258 5.079107
3.597711 5.081464
3.614200 5.084047
3.630469 5.086854
3.647060 5.089881
3.663409 5.093127
3.679749 5.096587
3.696248 5.100256
3.712647 5.104129
3.729140 5.108203
3.745505 5.112469
3.761983 5.116924
3.778335 5.121559
3.794793 5.126368
3.811232 5.131344
3.827688 5.136480
3.844159 5.141768
3.860518 5.147200
3.876935 5.152768
3.893338 5.158465
3.909844 5.164281
3.926264 5.170210
3.942709 5.176242
3.959121 5.182369
3.975559 5.188583
3.991936 5.194876
4.008438 5.201240
4.024826 5.207666
4.041387 5.214146
4.057664 5.220673
4.074133 5.227238
4.090686 5.233833
4.106963 5.240451
4.123339 5.247085
4.139795 5.253726
4.156211 5.260368
4.172636 5.267004
4.189088 5.273625
4.205514 5.280226
4.221916 5.286800
4.238384 5.293340
4.254853 5.299839
4.271246 5.306292
4.287632 5.312692
4.304106 5.319032
4.320504 5.325307
4.336926 5.331511
4.353368 5.337638
4.369775 5.343683
4.386237 5.349639
4.402675 5.355502
4.419062 5.361265
4.435493 5.366924
4.451959 5.372473
4.468388 5.377908
4.484797 5.383223
4.501265 5.388414
4.517647 5.393476
4.534092 5.398405
4.550550 5.403197
4.566987 5.407847
4.583446 5.412353
4.599877 5.416711
4.616241 5.420918
4.632749 5.424972
4.649138 5.428869
4.665639 5.432608
4.682014 5.436188
4.698364 5.439608
4.714820 5.442867
4.731196 5.445965
4.747632 5.448902
4.764171 5.451679
4.780517 5.454298
4.796930 5.456760
4.813379 5.459067
4.829917 5.461223
4.846279 5.463230
4.862808 5.465093
4.879198 5.466815
4.895560 5.468402
4.911885 5.469858
4.928337 5.471188
4.944905 5.472398
4.961238 5.473495
4.977711 5.474483
4.994120 5.475370
5.010485 5.476162
5.026976 5.476864
5.043441 5.477484
5.059896 5.478027
5.076409 5.478499
5.092676 5.478907
5.109132 5.479254
5.125511 5.479547
5.141885 5.479789
5.158365 5.479986
5.174945 5.480139
5.191256 5.480253
5.207699 5.480329
5.224034 5.480370
5.240439 5.480375
5.257020 5.480346
5.273319 5.480281
5.289837 5.480181
5.306263 5.480042
5.322588 5.479863
5.339122 5.479641
5.355539 5.479370
5.371930 5.479048
5.388363 5.478668
5.404796 5.478225
5.421228 5.477712
5.437636 5.477123
5.454110 5.476451
5.470462 5.475688
5.487059 5.474826
5.503441 5.473856
5.519733 5.472770
5.536293 5.471559
5.552716 5.470215
5.569092 5.468730
5.585487 5.467093
5.602046 5.465297
5.618325 5.463334
5.634780 5.461195
5.651214 5.458874
5.667734 5.456363
5.684012 5.453655
5.700488 5.450745
5.716934 5.447627
5.733318 5.444297
5.749772 5.440751
5.766334 5.436987
5.782671 5.433002
5.799062 5.428795
5.815514 5.424367
5.831944 5.419717
5.848521 5.414847
5.864839 5.409761
5.881217 5.404461
5.897589 5.398952
5.914113 5.393240
5.930539 5.387332
5.946885 5.381233
5.963310 5.374953
5.979837 5.368501
5.996193 5.361885
6.012730 5.355118
6.029074 5.348209
6.045527 5.341172
6.061987 5.334018
6.291959 5.326761
6.308388 5.319414
6.324834 5.311992
6.341142 5.304509
6.357637 5.296981
6.374063 5.289423
6.390533 5.281850
6.407020 5.274280
6.423286 5.266728
6.440025 5.259211
6.456238 5.251746
6.472654 5.244350
6.489167 5.237040
6.505464 5.229834
6.521963 5.222747
6.538315 5.215798
6.554768 5.209002
6.571248 5.202377
6.587585 5.195939
6.604087 5.189703
6.620540 5.183685
6.636909 5.177899
6.653319 5.172361
6.669881 5.167083
6.686178 5.162079
6.702581 5.157360
6.719007 5.152938
6.735418 5.148824
6.751959 5.145026
6.768334 5.141554
6.784756 5.138414
6.801168 5.135613
6.817570 5.133156
6.834039 5.131047
6.850512 5.129288
6.866886 5.127881
6.883399 5.126826
6.899769 5.126121
6.916247 5.125764
6.932588 5.125751
6.949105 5.126076
6.965448 5.126732
6.982028 5.127712
6.998365 5.129006
7.014708 5.130602
7.031173 5.132489
7.047709 5.134655
7.064127 5.137083
7.080482 5.139760
7.096848 5.142668
7.113372 5.145790
7.129784 5.149109
7.146197 5.152605
7.162623 5.156258
7.179149 5.160050
7.195475 5.163958
7.211904 5.167964
7.228435 5.172045
7.244737 5.176181
7.261178 5.180350
7.277642 5.184533
7.294069 5.188708
7.310517 5.192856
7.326859 5.196957
7.343299 5.200991
7.359761 5.204941
7.376230 5.208789
7.392609 5.212518
7.408983 5.216112
7.425435 5.219558
7.441896 5.222840
7.458274 5.225947
7.474769 5.228867
7.491173 5.231589
7.507709 5.234105
7.524141 5.236407
7.540502 5.238487
7.557003 5.240341
7.573301 5.241965
7.589741 5.243354
7.606350 5.244509
7.623155 5.245428
7.639086 5.246112
7.655598 5.246563
7.671923 5.246784
7.688356 5.246780
7.704856 5.246557
7.721134 5.246121
7.737614 5.245480
7.754004 5.244642
7.770480 5.243618
7.787007 5.242418
7.803361 5.241054
7.819755 5.239537
7.836130 5.237881
7.852641 5.236099
7.869157 5.234206
7.885400 5.232214
7.901921 5.230140
7.918376 5.227998
7.934736 5.225803
7.951232 5.223571
7.967547 5.221315
7.984049 5.219052
8.000461 5.216795
8.016887 5.214559
8.033380 5.212358
8.049754 5.210206
8.066261 5.208115
8.082554 5.206098
8.098985 5.204165
8.115441 5.202329
8.131842 5.200599
8.148337 5.198984
8.164674 5.197493
8.181231 5.196132
8.197590 5.194909
8.214004 5.193829
8.230484 5.192896
8.246882 5.192114
8.263357 5.191485
8.279779 5.191012
8.296195 5.190696
8.312549 5.190536
8.329006 5.190533
8.345459 5.190684
8.361902 5.190988
8.378545 5.191443
8.394858 5.192045
8.411159 5.192790
8.427601 5.193674
8.443968 5.194693
8.460440 5.195842
8.476879 5.197115
8.493333 5.198506
8.509888 5.200010
8.526125 5.201620
8.542619 5.203330
8.559087 5.205135
8.575403 5.207028
8.591996 5.209002
8.608410 5.211051
8.624777 5.213169
8.641148 5.215351
8.657612 5.217589
8.674072 5.219879
8.690479 5.222215
8.706856 5.224591
8.723255 5.227003
8.739735 5.229445
8.756214 5.231913
8.772615 5.234401
8.789016 5.236906
8.805382 5.239423
8.821858 5.241949
8.838328 5.244478
8.854731 5.247008
8.871308 5.249535
8.887588 5.252054
8.903996 5.254562
8.920455 5.257055
8.936902 5.259529
8.953299 5.261981
8.969732 5.264406
8.986103 5.266801
9.002584 5.269160
9.019046 5.271478
9.035483 5.273752
9.051861 5.275976
9.068212 5.278145
9.084731 5.280251
9.101111 5.282290
9.117621 5.284255
9.134007 5.286139
9.150516 5.287935
9.166872 5.289635
9.183229 5.291230
9.199667 5.292713
9.216276 5.294075
9.232544 5.295308
9.248976 5.296400
9.265560 5.297345
9.281875 5.298130
9.298397 5.298748
9.315043 5.299189
9.331411 5.299442
9.347590 5.299499
9.364149 5.299350
9.380504 5.298987
9.396879 5.298399
9.413234 5.297581
9.429833 5.296524
9.446193 5.295221
9.462528 5.293666
9.478981 5.291854
9.495426 5.289781
9.511854 5.287443
9.528338 5.284837
9.544693 5.281963
9.561174 5.278820
9.577587 5.275409
9.593982 5.271732
9.610439 5.267793
9.626836 5.263595
9.643256 5.259145
9.659729 5.254450
9.676216 5.249519
9.692507 5.244361
9.709015 5.238987
9.725484 5.233410
9.741879 5.227643
9.758350 5.221702
9.774697 5.215601
9.791128 5.209359
9.807600 5.202993
9.823963 5.196523
9.840371 5.189967
9.856901 5.183347
9.873297 5.176685
9.889730 5.170000
