0.000000 326.899200 288.300600
0.016351 328.656000 321.710400
0.032835 329.241600 322.731000
0.049232 293.558400 325.301400
0.065627 303.974400 268.947000
0.082129 285.628800 235.450800
0.098538 271.017600 262.764000
0.114987 323.788800 192.855600
0.131414 324.825600 194.837400
0.147818 254.918400 270.421200
0.164186 327.398400 256.262400
0.180665 338.140800 276.528600
0.197083 300.979200 279.347400
0.213517 443.280000 172.238400
0.229997 449.433600 183.362400
0.246370 474.182400 175.014000
0.262828 450.460800 175.359600
0.279469 434.054400 138.326400
0.295690 432.883200 68.445000
0.312114 436.358400 85.033800
0.328526 431.356800 72.516600
0.345007 425.539200 53.713800
0.361416 463.968000 59.788800
0.377795 472.204800 83.095200
0.394219 442.051200 112.962600
0.410665 622.684800 156.988800
0.427102 630.028800 179.485200
0.443522 748.204800 174.155400
0.459949 747.580800 161.443800
0.476425 743.865600 139.519800
0.492795 675.782400 104.058000
0.509286 709.382400 110.894400
0.525660 703.113600 87.183000
0.542136 753.340800 53.400600
0.558556 747.936000 57.191400
0.574966 750.998400 73.661400
0.591450 776.611200 84.180600
0.607842 867.657600 162.032400
0.624296 869.472000 177.373800
0.640662 980.380800 122.547600
0.657095 1017.081600 141.215400
0.673534 1017.081600 141.215400
0.689941 939.888000 104.851800
0.706341 935.376000 116.305200
0.722839 935.376000 116.305200
0.739218 985.843200 161.578800
0.755711 967.632000 174.074400
0.772038 967.891200 151.205400
0.788621 976.329600 97.977600
0.804944 1077.244800 55.792800
0.821415 1076.659200 47.817000
0.837786 1122.729600 52.191000
0.854200 1117.180800 85.757400
0.870670 1116.115200 102.130200
0.887141 1170.134400 95.050800
0.903473 1109.712000 132.710400
0.919975 1108.982400 145.373400
0.936314 1167.859200 138.866400
0.952867 1095.475200 189.297000
0.969178 1096.992000 181.499400
0.985615 1143.110400 98.280000
1.002123 1160.832000 51.397200
1.018510 1161.475200 20.563200
1.034970 1086.748800 75.427200
1.051340 1144.598400 111.321000
1.067792 1139.865600 168.852600
1.084272 1245.907200 250.171200
1.100631 1233.820800 268.617600
1.117049 1235.587200 270.005400
1.133510 1292.006400 240.861600
1.149885 1278.720000 190.463400
1.166347 1283.913600 156.578400
1.182792 1274.553600 115.727400
1.199266 1284.662400 154.143000
1.215635 1281.705600 169.911000
1.232096 1295.107200 165.175200
1.248569 1263.369600 231.066000
1.264915 1266.057600 216.583200
1.281367 1256.745600 178.194600
1.297843 1259.366400 170.326800
1.314212 1264.214400 148.327200
1.330694 1297.872000 117.892800
1.347064 1006.147200 146.005200
1.363628 1006.128000 145.454400
1.379911 750.892800 175.435200
1.396339 729.580800 228.949200
1.412842 733.603200 250.138800
1.429217 706.339200 224.656200
1.445636 714.211200 270.491400
1.462061 716.649600 277.570800
1.478497 755.068800 255.085200
1.494963 679.968000 296.190000
1.511391 677.376000 289.283400
1.527820 625.113600 352.879200
1.544190 622.800000 377.967600
1.560610 627.513600 391.084200
1.577074 621.753600 438.534000
1.593501 622.329600 420.357600
1.609889 622.329600 420.357600
1.626366 590.016000 396.991800
1.642816 624.873600 382.330800
1.659170 624.873600 382.330800
1.675711 602.476800 424.747800
1.692092 603.753600 432.221400
1.708499 605.107200 437.740200
1.724916 602.726400 428.571000
1.741408 608.035200 424.126800
1.757741 608.764800 422.074800
1.774240 616.003200 384.458400
1.790630 609.091200 375.715800
1.807097 596.793600 345.621600
1.823504 474.806400 221.162400
1.839938 414.172800 185.301000
1.856366 426.508800 212.522400
1.872759 410.956800 248.205600
1.889192 439.670400 256.035600
1.905744 446.467200 270.723600
1.922019 499.372800 305.202600
1.938471 447.657600 243.615600
1.954986 437.779200 223.322400
1.971342 472.713600 281.647800
1.987761 456.672000 241.882200
2.004206 459.840000 247.843800
2.020631 478.704000 236.314800
2.037097 460.646400 254.982600
2.053524 466.915200 269.001000
2.069968 473.702400 302.113800
2.086450 490.329600 294.337800
2.102770 490.329600 294.337800
2.119196 483.494400 290.028600
2.135610 441.408000 254.761200
2.152045 429.120000 228.031200
2.168560 1363.113600 417.560400
2.184940 1494.009600 396.262800
2.201448 1489.728000 406.328400
2.217848 1467.196800 458.303400
2.234196 1469.721600 458.746200
2.250637 1464.556800 470.761200
2.267088 1472.601600 486.912600
2.283473 1449.580800 443.502000
2.299968 1462.080000 415.503000
2.316396 1427.366400 405.658800
2.332802 1471.440000 420.892200
2.349151 1474.406400 408.261600
2.365610 1503.004800 370.845000
2.382063 1475.788800 418.802400
2.398429 1468.118400 442.594800
2.414966 1440.748800 428.452200
2.431339 1471.161600 438.199200
2.447753 1468.886400 437.875200
2.464214 1339.881600 469.918800
2.480671 1332.979200 493.441200
2.497040 1325.558400 519.793200
2.513542 1369.209600 543.283200
2.529891 1354.876800 535.172400
2.546402 1359.552000 518.810400
2.562741 1395.888000 455.781600
2.579145 1379.414400 460.182600
2.595766 1381.526400 459.421200
2.612065 1339.382400 484.660800
2.628453 1350.115200 467.364600
2.644864 1350.374400 466.538400
2.661353 1382.236800 449.847000
2.677802 1345.420800 436.293000
2.694209 1342.780800 437.443200
2.710631 1340.150400 470.167200
2.727059 1376.054400 499.008600
2.743540 1377.360000 500.731200
2.759907 1377.110400 475.837200
2.776314 1364.582400 459.054000
2.792818 1365.734400 452.557800
2.809194 1349.952000 474.319800
2.825582 1334.937600 443.480400
2.842042 1334.793600 443.950200
2.858575 1368.758400 334.519200
2.874984 1368.384000 314.960400
2.891387 1368.384000 314.960400
2.907759 1362.912000 359.467200
2.924189 1356.892800 376.164000
2.940636 1349.904000 400.091400
2.957036 1355.059200 380.743200
2.973538 1369.324800 372.405600
2.989900 1375.785600 354.618000
3.006339 1364.966400 370.272600
3.022740 1366.819200 349.947000
3.039215 1368.067200 338.067000
3.055662 1416.220800 337.959000
3.072140 1254.144000 358.225200
3.088539 1253.568000 371.088000
3.104938 603.686400 380.165400
3.121292 604.089600 334.254600
3.137766 596.784000 316.002600
3.154319 550.752000 321.181200
3.170611 541.670400 324.599400
3.187090 549.888000 342.657000
3.203542 556.656000 339.784200
3.219870 557.184000 343.953000
3.236339 548.083200 323.859600
3.252715 533.078400 290.633400
3.269189 554.572800 302.286600
3.285635 555.619200 304.997400
3.302004 562.531200 386.364600
3.318405 581.212800 328.012200
3.334891 588.057600 347.155200
3.351390 554.870400 319.615200
3.367740 544.972800 329.643000
3.384214 548.246400 335.431800
3.400636 418.416000 334.675800
3.417101 372.672000 240.818400
3.433541 372.432000 240.337800
3.449919 398.851200 253.330200
3.466283 397.228800 247.379400
3.482747 397.228800 247.379400
3.499164 379.228800 281.674800
3.515664 341.020800 268.482600
3.532002 334.454400 256.462200
3.548541 398.947200 220.017600
3.564939 352.800000 200.820600
3.581289 359.203200 213.494400
3.597790 416.208000 231.336000
3.614240 508.598400 404.584200
3.630705 504.192000 397.321200
3.647064 576.412800 606.355200
3.663563 578.352000 634.370400
3.679889 577.209600 630.444600
3.696262 654.019200 613.521000
3.712813 653.222400 594.237600
3.729198 653.817600 595.630800
3.745620 656.150400 604.729800
3.762012 674.275200 618.424200
3.778498 672.931200 612.970200
3.794885 577.516800 610.059600
3.811283 582.019200 582.849000
3.827709 573.302400 567.783000
3.844146 574.809600 813.612600
3.860587 586.137600 745.092000
3.877044 589.872000 749.028600
3.893514 568.051200 727.110000
3.909942 566.937600 721.191600
3.926344 566.736000 720.873000
3.942764 529.382400 727.326000
3.959244 529.065600 734.869800
3.975756 531.014400 739.135800
3.991970 553.152000 739.665000
4.008546 649.660800 761.124600
4.024864 654.220800 769.527000
4.041365 1380.153600 620.956800
4.057709 1354.780800 625.347000
4.074248 1358.016000 620.076600
4.090634 1371.100800 591.872400
4.107063 1398.816000 587.039400
4.123452 1403.116800 576.757800
4.139860 1379.980800 573.393600
4.156319 1390.454400 575.078400
4.172711 1381.171200 592.444800
4.189122 1338.326400 601.128000
4.205592 1352.179200 673.358400
4.222016 1351.296000 677.754000
4.238455 1368.345600 628.992000
4.254840 1396.483200 604.135800
4.271270 1406.764800 581.963400
4.287796 1413.052800 601.981200
4.304164 1413.840000 569.565000
4.320584 1414.003200 569.176200
4.337125 1381.670400 370.364400
4.353449 1305.609600 268.342200
4.369847 1305.609600 268.342200
4.386324 1327.584000 291.794400
4.402716 1332.374400 336.447000
4.419133 1332.374400 336.447000
4.435749 1351.017600 305.175600
4.452060 1354.502400 311.763600
4.468450 1354.502400 311.763600
4.484854 1378.396800 300.553200
4.501320 1378.320000 312.184800
4.517800 1376.409600 311.067000
4.534190 1413.532800 329.545800
4.550611 1416.057600 353.592000
4.567041 1412.160000 365.050800
4.583491 1404.595200 365.310000
4.599863 1357.382400 368.501400
4.616311 1350.518400 391.915800
4.632714 634.752000 372.475800
4.649194 431.904000 388.589400
4.665564 436.790400 396.176400
4.682087 390.086400 338.709600
4.698461 344.121600 364.035600
4.714915 330.432000 341.069400
4.731273 392.659200 293.965200
4.747832 412.742400 296.686800
4.764130 412.742400 296.686800
4.780634 332.486400 255.430800
4.797014 317.539200 260.636400
4.813448 324.259200 272.619000
4.829913 386.592000 314.976600
4.846259 372.624000 316.753200
4.862688 364.876800 302.518800
4.879166 379.632000 290.104200
4.895628 329.913600 268.909200
4.912009 315.705600 243.259200
4.928404 333.465600 247.293000
4.944892 323.654400 241.806600
4.961265 340.627200 273.861000
4.977788 399.705600 323.233200
4.994164 302.544000 375.564600
5.010584 310.070400 387.336600
5.027065 320.880000 335.901600
5.043540 273.206400 338.434200
5.059829 262.608000 320.695200
5.076258 302.217600 344.898000
5.092716 300.259200 316.218600
5.109178 311.596800 336.344400
5.125586 493.084800 480.173400
5.141992 517.171200 480.124800
5.158383 511.593600 466.506000
5.174810 516.403200 496.616400
5.191309 784.598400 517.476600
5.207758 779.740800 502.534800
5.224206 718.483200 506.520000
5.240664 722.256000 542.700000
5.257030 729.427200 564.775200
5.273408 741.331200 581.067000
5.289902 754.089600 526.456800
5.306367 748.684800 510.840000
5.322763 776.265600 788.443200
5.339120 893.952000 1080.000000
5.355557 895.353600 1080.000000
5.372058 845.856000 1080.000000
5.388466 833.289600 1080.000000
5.404882 835.411200 1080.000000
5.421286 886.396800 1080.000000
5.437750 892.262400 1080.000000
5.454189 892.060800 1080.000000
5.470666 880.713600 1080.000000
5.486988 854.448000 1080.000000
5.503447 852.892800 1080.000000
5.519789 859.392000 1080.000000
5.536293 966.211200 1080.000000
5.552759 967.171200 1080.000000
5.569192 909.532800 1080.000000
5.585586 926.870400 1080.000000
5.601963 927.916800 1080.000000
5.618449 937.353600 1080.000000
5.634823 969.446400 1080.000000
5.651278 968.937600 1080.000000
5.667762 921.648000 1080.000000
5.684189 951.667200 1080.000000
5.700570 950.553600 1080.000000
5.717036 981.724800 1080.000000
5.733430 972.144000 1080.000000
5.750022 974.380800 1080.000000
5.766311 900.076800 1080.000000
5.782717 1000.185600 1080.000000
5.799165 1000.060800 1080.000000
5.815584 1010.457600 1080.000000
5.832117 928.723200 1080.000000
5.848409 927.513600 1080.000000
5.864847 918.240000 718.961400
5.881325 777.081600 470.048400
5.897664 776.611200 463.649400
5.914162 831.772800 436.600800
5.930592 861.216000 418.197600
5.947015 855.868800 390.047400
5.963506 812.044800 340.124400
5.979894 787.046400 384.231600
5.996287 789.724800 396.765000
6.012663 902.448000 340.723800
6.029176 929.827200 167.162400
6.045559 931.286400 174.387600
6.062045 980.582400 177.735600
6.078459 983.481600 106.990200
6.094863 982.905600 111.844800
6.111287 967.209600 152.593200
6.127714 957.955200 173.313000
6.144234 959.548800 202.516200
6.160560 963.772800 179.242200
6.176989 973.795200 284.121000
6.193448 973.238400 271.944000
6.209838 1014.259200 206.074800
6.226265 972.508800 170.748000
6.242743 971.971200 157.820400
6.259146 535.574400 618.559200
6.275666 569.500800 608.040000
6.292043 571.161600 612.624600
6.308453 609.820800 655.635600
6.325098 579.686400 639.786600
6.341296 577.430400 633.933000
6.357688 613.363200 576.201600
6.374192 563.452800 579.387600
6.390650 555.014400 565.002000
