0.000000 24.271463 20.411447
0.016403 19.473016 15.775331
0.032935 10.404962 7.392766
0.049342 1.076888 -1.051110
0.065719 -4.647016 -5.621599
0.082087 -0.252429 -0.930520
0.098573 -0.985339 -0.016317
0.114937 -0.735146 0.889274
0.131321 -0.771124 2.042682
0.147848 -0.045057 2.144950
0.164231 0.124008 0.689574
0.180639 0.919465 -0.528321
0.196999 1.327897 -1.031488
0.213566 0.608942 -1.396816
0.229836 -0.108782 -1.043332
0.246426 -0.396269 -0.581003
0.262713 -0.710270 -0.218749
0.279247 -0.151356 -0.534552
0.295596 -0.002025 -1.100770
0.312038 0.208090 -1.337397
0.328419 -0.044610 0.708206
0.345125 -0.383713 -1.138163
0.361290 0.545935 -4.082305
0.377730 2.225263 -6.097428
0.394270 3.174651 -7.848511
0.410578 3.036248 -7.439519
0.427065 2.035795 -5.353860
0.443501 0.019281 -1.425900
0.459867 -1.027760 1.151772
0.476372 -1.813267 1.667701
0.492703 -1.230752 -2.042924
0.509113 -0.082254 -2.210306
0.525689 0.428472 -1.612681
0.542068 0.339359 -1.159408
0.558456 0.190337 0.577869
0.575033 -0.432105 2.222886
0.591339 -0.960697 2.158581
0.607771 -0.528466 0.532964
0.624188 0.206783 -0.692612
0.640586 1.197836 -1.115276
0.657010 1.806885 -0.573653
0.673388 2.327556 1.464059
0.689771 1.087493 0.906795
0.706275 -0.627465 -0.613555
0.722781 -1.726652 -2.890295
0.739211 -1.909330 -5.718646
0.755526 -1.675423 -6.213597
0.772017 -1.517640 -5.186446
0.788385 -0.687416 -3.069532
0.804868 0.017765 -0.313657
0.821286 0.283732 2.111703
0.837775 0.339842 0.962748
0.854138 0.602502 0.466792
0.870611 0.121428 -0.476322
0.887129 -0.309523 -0.747771
0.903520 -0.737875 -0.420611
0.919914 -1.052406 -0.328894
0.936359 0.070917 -0.540440
0.952771 0.064209 -0.193306
0.969198 2.397492 0.272740
0.985692 -0.986199 -0.980007
1.001984 -6.427901 -1.113443
1.018417 -10.052846 -0.659515
1.035003 -12.420632 0.065373
1.051270 -12.308220 -0.157993
1.067801 -9.597759 -0.638533
1.084320 -4.631292 -1.340383
1.100613 -0.780648 -1.207642
1.117115 2.886352 -0.933706
1.133474 -0.837489 -1.004274
1.149815 -1.974116 -0.429090
1.166290 -3.881125 -0.742954
1.182830 -5.221469 -1.357388
1.199198 -4.580605 -1.689604
1.215638 -3.238850 -1.078911
1.232007 -0.087148 0.419612
1.248425 2.098771 2.167077
1.264883 0.735480 -0.534442
1.281370 0.546479 1.295969
1.297924 3.858987 6.381802
1.314164 6.987374 11.997290
1.330540 9.440227 15.771063
1.347039 9.972383 16.491847
1.363400 9.051312 13.477295
1.380002 6.239304 7.972427
1.396268 1.562977 1.034985
1.412771 -1.391324 -4.013837
1.429270 -0.733486 -1.347881
1.445559 -1.244307 -0.829209
1.462046 -1.447724 -0.932916
1.478447 -1.940884 -0.967977
1.494864 -0.171268 -0.889804
1.511320 2.094231 -0.457312
1.527745 3.875464 0.241019
1.544151 5.030162 0.110031
1.560655 4.798735 -0.076566
1.577017 3.609212 0.464909
1.593373 2.478370 0.020161
1.609983 0.838811 -0.300592
1.626336 0.024271 -0.715669
1.642712 1.060137 -0.916995
1.659131 1.300007 1.669157
1.675557 0.182031 0.121861
1.692007 -0.626978 -4.334238
1.708492 -1.036153 -8.805073
1.724868 -0.541755 -11.661440
1.741343 -0.358437 -12.979718
1.757754 -0.115065 -11.548026
1.774244 -0.214727 -7.815670
1.790566 -0.218421 -2.717693
1.806940 -0.303214 1.400005
1.823368 -0.387103 0.692255
1.839984 0.571540 1.115835
1.856245 1.714069 1.865931
1.872658 0.527221 1.074417
1.889176 -1.275809 0.127962
1.905598 -2.346879 -0.340332
1.921971 -3.207852 0.230502
1.938399 -2.812604 0.800635
1.954798 -1.858310 0.760389
1.971302 -0.800976 0.279074
1.987782 -0.204729 -0.428537
2.004162 0.022330 -1.197099
2.020591 -1.077017 -2.351225
2.036968 -0.462530 -1.826897
2.053465 -0.307432 -0.670325
2.069799 0.703769 0.085060
2.086267 0.592626 -0.027061
2.102708 -0.316711 -0.277696
2.119147 -1.966073 -0.394014
2.135608 -2.838993 -0.573570
2.152015 -3.041496 -0.394036
2.168468 -2.338945 -0.306071
2.184860 -1.151280 0.598651
2.201238 -0.174412 1.113775
2.217766 0.878959 0.733340
2.234138 0.061970 -0.361659
2.250518 0.135650 -2.591703
2.267050 0.064869 -4.911951
2.283417 -0.411029 -0.855990
2.300057 -1.286705 4.614897
2.316245 -1.962883 12.047291
2.332794 -2.449718 17.892088
2.349108 -2.313751 19.011646
2.365588 -1.703125 16.064894
2.382000 -0.542592 9.651418
2.398384 0.995312 2.951881
2.414841 1.715158 -0.580222
2.431238 1.782346 0.459058
2.447695 2.248429 0.176272
2.464135 1.532230 2.295367
2.480585 -0.093624 1.025697
2.496942 -2.249633 -1.050678
2.513463 -2.711689 -2.867820
2.529904 -1.758480 -4.008157
2.546299 -0.949303 -3.336177
2.562675 0.619813 -1.916285
2.579108 2.300113 -0.101213
2.595622 3.264536 0.946033
2.611970 2.789507 0.884265
2.628438 1.314081 -0.856129
2.644838 -0.544801 -1.977953
2.661209 -1.442424 -1.597917
2.677711 -2.033799 -0.682060
2.694112 -1.149508 -0.106627
2.710596 -0.366154 0.049719
2.726989 0.210331 0.488974
2.743463 0.268816 0.893466
2.759796 0.703017 0.302585
2.776232 -0.002787 -0.017397
2.792633 -0.401582 0.188953
2.809094 -0.438584 0.978493
2.825559 -0.410378 1.263997
2.841992 -0.818078 1.629041
2.858496 -1.664815 1.748962
2.874946 -0.977463 1.372111
2.891298 0.081609 0.603234
2.907746 0.949728 -0.290967
2.924060 0.222071 -0.252919
2.940522 -0.451826 -0.234797
2.956940 -0.729211 0.180839
2.973385 -0.489992 0.251319
2.989795 -2.410124 1.842322
3.006266 1.303785 -0.146476
3.022745 6.045202 -3.558568
3.039119 9.247732 -6.664752
3.055581 10.701487 -8.693709
3.071966 9.901259 -9.012232
3.088392 7.191950 -7.529073
3.104797 3.734500 -5.028264
3.121211 -0.229192 -1.656541
3.137684 -2.599548 1.245284
3.154090 -0.243964 0.096496
3.170544 -0.656230 0.342397
3.186960 -0.034841 -0.108928
3.203594 0.928158 -0.729946
3.219797 1.057752 -1.078452
3.236390 1.032672 -0.771560
3.252719 0.697126 -0.445266
3.269089 -0.006918 0.616227
3.285534 -0.268986 1.157801
3.302011 -0.580934 0.970034
3.318389 -0.153873 0.417032
3.334862 0.408300 -0.522278
3.351216 0.923804 -0.687736
3.367892 0.799144 -0.851540
3.384058 0.246710 -0.673982
3.400577 -0.564317 -0.486231
3.416936 -1.012143 0.094197
3.433363 -1.163162 0.199694
3.449796 -0.800883 -0.137059
3.466262 0.399872 -0.473562
3.482777 1.028137 -0.328021
3.499066 1.076522 0.424120
3.515521 0.547993 0.936560
3.531933 0.193668 1.454832
3.548387 -0.112888 1.490426
3.564818 -0.186707 1.405364
3.581258 -0.145002 1.415506
3.597711 -0.416795 0.848127
3.614200 -0.538417 0.223263
3.630469 -0.385734 -0.656180
3.647060 -0.103708 -1.127991
3.663409 0.100742 -1.704645
3.679749 0.140816 -1.852923
3.696248 0.115227 -1.448872
3.712647 0.055334 -0.642393
3.729140 -0.063110 -0.006862
3.745505 -0.259277 0.248588
3.761983 0.009738 0.638983
3.778335 0.039411 0.548835
3.794793 -0.146190 0.632391
3.811232 -0.157511 0.416710
3.827688 0.102369 0.326964
3.844159 0.131199 0.064206
3.860518 0.127841 0.748346
3.876935 -0.122939 1.880669
3.893338 0.104624 2.614161
3.909844 0.368670 2.702725
3.926264 0.793985 2.290366
3.942709 0.994523 1.066279
3.959121 0.963735 -0.321932
3.975559 0.502660 -1.139057
3.991936 -0.215884 -1.316459
4.008438 -0.649091 -0.411688
4.024826 -0.823126 0.239885
4.041387 -0.393575 0.489534
4.057664 -0.436978 0.199007
4.074133 -0.452293 -0.705225
4.090686 -0.862927 -1.810546
4.106963 -0.848230 -1.198454
4.123339 0.104590 -0.628956
4.139795 -0.178165 0.629275
4.156211 -0.884143 2.483710
4.172636 -1.579829 4.028168
4.189088 -2.018577 3.973311
4.205514 -2.309342 2.935132
4.221916 -1.856340 1.691981
4.238384 -1.540929 0.660789
4.254853 -0.608141 -0.039185
4.271246 -0.001014 -0.997188
4.287632 -0.586294 -0.841267
4.304106 -0.369822 -0.455298
4.320504 -0.068704 -0.191965
4.336926 -0.177025 -0.170634
4.353368 -0.245046 0.390812
4.369775 -0.138962 0.800482
4.386237 -0.358845 0.914752
4.402675 0.233543 0.762869
4.419062 0.746787 0.596643
4.435493 0.849641 0.474569
4.451959 0.785275 0.259151
4.468388 0.429471 -0.210327
4.484797 0.153025 -0.058295
4.501265 0.021440 0.483984
4.517647 -0.312111 0.898787
4.534092 -0.650132 1.221635
4.550550 -0.463576 1.115478
4.566987 -0.470456 0.649206
4.583446 -0.252625 -0.121015
4.599877 0.171941 -0.757029
4.616241 0.534375 -0.896964
4.632749 0.797304 -0.458315
4.649138 0.609234 0.018684
4.665639 0.744991 0.518113
4.682014 0.033733 0.789227
4.698364 -0.390962 0.558393
4.714820 -0.596184 0.121395
4.731196 -0.158577 -0.195416
4.747632 -0.486933 -0.658896
4.764171 -0.645024 -1.155863
4.780517 -1.475741 -1.080316
4.796930 -2.085860 -0.926317
4.813379 -2.125834 -0.849259
4.829917 -2.528946 -0.752363
4.846279 -1.981358 -0.530354
4.862808 -1.395809 -0.148879
4.879198 -0.842862 0.170285
4.895560 -0.849253 0.139655
4.911885 -0.840557 0.283863
4.928337 -0.597718 0.126158
4.944905 0.356541 -0.421848
4.961238 0.841538 -0.442284
4.977711 0.928089 -0.121278
4.994120 0.983386 0.433142
5.010485 0.703336 0.977689
5.026976 0.490119 0.961276
5.043441 -0.095949 0.451938
5.059896 -0.851103 -0.609611
5.076409 -0.539469 -1.352527
5.092676 -0.321398 -1.691511
5.109132 0.206476 -1.710282
5.125511 0.686595 -0.837311
5.141885 0.721039 0.385477
5.158365 0.842766 1.596525
5.174945 0.448759 2.001281
5.191256 -0.347361 1.888785
5.207699 -0.579932 1.299256
5.224034 -0.676948 0.539004
5.240439 -0.732916 -0.513867
5.257020 -0.394361 -1.077126
5.273319 -0.456630 -0.735148
5.289837 -0.048043 -0.565478
5.306263 0.957550 -0.912222
5.322588 1.218508 -0.653001
5.339122 -0.103309 0.709239
5.355539 -2.149143 2.512297
5.371930 -3.847017 3.199851
5.388363 -4.631804 3.112408
5.404796 -4.937127 1.976249
5.421228 -4.131013 0.655018
5.437636 -2.025518 -0.735288
5.454110 -0.301785 -1.150877
5.470462 0.087597 -0.229466
5.487059 -0.206181 0.432836
5.503441 0.024438 0.335055
5.519733 0.105383 -0.306436
5.536293 -0.337117 -0.421206
5.552716 -0.635664 -0.558243
5.569092 -0.489357 -0.148941
5.585487 -0.239726 0.229839
5.602046 0.064877 0.564490
5.618325 0.386750 0.631200
5.634780 0.787347 0.519696
5.651214 1.118814 0.300270
5.667734 1.222684 0.130937
5.684012 1.096357 0.037001
5.700488 1.226375 0.022075
5.716934 0.765780 0.140559
5.733318 -0.100192 0.194091
5.749772 -1.932497 0.378815
5.766334 -1.904913 0.271319
5.782671 0.459571 -0.167431
5.799062 3.510358 -0.499544
5.815514 5.917968 -0.787171
5.831944 6.992326 -0.774790
5.848521 6.166076 -0.519405
5.864839 3.606771 -0.227653
5.881217 0.722912 0.032192
5.897589 -1.509462 -0.002241
5.914113 -0.926120 -0.126902
5.930539 -0.298161 -0.245524
5.946885 -0.414318 -0.547789
5.963310 -0.245198 -0.172104
5.979837 -0.091527 0.223976
5.996193 -0.894583 -0.649462
6.012730 -0.177402 0.169284
6.029074 1.091205 4.150050
6.045527 2.048059 3.474158
6.061987 3.215335 0.312685
6.291959 3.904605 -3.790710
6.308388 3.379288 -7.157134
6.324834 2.175183 -8.220054
6.341142 0.472031 -7.889773
6.357637 -0.717466 -4.866928
6.374063 -0.404060 0.452769
6.390533 -1.181001 3.512115
6.407020 -1.400893 0.170561
6.423286 0.220711 -1.310389
6.440025 1.748826 -2.497333
6.456238 2.490232 -2.742996
6.472654 2.917867 -2.204867
6.489167 2.235916 -1.471472
6.505464 1.424933 -0.053847
6.521963 0.424322 0.712510
6.538315 -0.096246 0.471873
6.554768 -0.439484 -0.944077
6.571248 -0.106471 -1.013456
6.587585 0.028656 -0.589817
6.604087 -0.651766 0.021402
6.620540 -0.566837 0.276920
6.636909 0.404250 0.372629
6.653319 1.206520 0.782455
6.669881 0.689557 0.645800
6.686178 -0.281904 0.496393
6.702581 -1.253085 0.856096
6.719007 -1.067742 0.631171
6.735418 -0.669394 -0.140681
6.751959 -0.605073 -0.966525
6.768334 0.246715 -0.845974
6.784756 0.127940 -0.084272
6.801168 -0.100195 1.240147
6.817570 -0.474871 2.426404
6.834039 -0.645196 3.387487
6.850512 -0.398960 3.312173
6.866886 -0.053642 1.675308
6.883399 0.279752 -0.125867
6.899769 -0.160668 -1.216846
6.916247 0.134817 -1.780158
6.932588 0.642745 -1.915995
6.949105 1.079759 -0.989267
6.965448 0.376767 -0.025910
6.982028 -0.248351 0.377913
6.998365 -0.742942 0.534316
7.014708 -0.743187 0.485332
7.031173 -0.507966 0.516323
7.047709 -0.206217 0.091600
7.064127 0.576984 -0.518000
7.080482 0.945603 -1.094863
7.096848 0.513242 -0.583372
7.113372 -0.079844 0.081971
7.129784 -0.379652 1.230485
7.146197 -0.650454 1.305250
7.162623 -0.249034 0.784723
7.179149 0.488911 0.567142
7.195475 0.365334 -1.216498
7.211904 0.443819 -2.355159
7.228435 0.599414 -2.825173
7.244737 0.074280 -1.619123
7.261178 0.114193 -0.860153
7.277642 0.341456 0.219322
7.294069 0.474399 -0.408745
7.310517 0.764840 -0.256180
7.326859 0.332908 -0.334453
7.343299 -0.001546 -0.968870
7.359761 0.091899 -0.414181
7.376230 -0.271651 -0.030780
7.392609 -0.798787 0.636095
7.408983 -0.542098 0.674414
7.425435 -0.266552 0.487612
7.441896 -0.670940 0.110922
7.458274 -0.409732 0.280302
7.474769 0.564220 -0.591719
7.491173 0.890958 -0.634247
7.507709 0.436239 -1.233569
7.524141 -0.255892 -1.639168
7.540502 -0.327865 -1.703952
7.557003 0.189069 -1.843805
7.573301 0.754219 -1.688542
7.589741 1.020789 -1.655252
7.606350 1.954833 -1.883826
7.623155 2.207690 -1.531003
7.639086 1.175146 -0.571526
7.655598 0.578789 -1.033265
7.671923 -0.160403 0.015299
7.688356 0.088835 -1.140641
7.704856 0.496370 -2.876164
7.721134 1.052956 -4.343295
7.737614 1.302230 -4.851587
7.754004 1.404074 -4.182528
7.770480 0.843733 -2.374805
7.787007 -0.158753 -0.235290
7.803361 -0.622884 1.867347
7.819755 -0.911959 3.459721
7.836130 0.445093 2.491772
7.852641 0.243208 1.993958
7.869157 -1.195727 0.821292
7.885400 -2.166614 -0.027819
7.901921 -2.623390 -0.467193
7.918376 -2.570234 -0.337892
7.934736 -1.608464 -0.465025
7.951232 -0.130108 -0.893948
7.967547 1.112571 -2.008673
7.984049 1.891917 -2.763811
8.000461 0.373280 -2.299914
8.016887 1.018971 -0.556224
8.033380 -0.744611 1.617990
8.049754 -3.691630 3.202329
8.066261 -5.675044 3.182229
8.082554 -6.807665 1.527302
8.098985 -6.470666 -1.115898
8.115441 -4.519994 -3.193907
8.131842 -2.187156 -3.729597
8.148337 -0.583136 -3.130725
8.164674 -1.486372 -2.534235
8.181231 -1.296759 0.076243
8.197590 1.688761 3.012104
8.214004 4.142418 4.570317
8.230484 5.730928 5.135977
8.246882 6.826653 4.544914
8.263357 6.279341 2.969026
8.279779 3.988855 1.269975
8.296195 1.369842 -0.295823
8.312549 -0.004465 -0.619849
8.329006 1.081655 0.219299
8.345459 -0.336332 -0.355404
8.361902 -1.458255 -0.909676
8.378545 -1.628067 -0.419348
8.394858 -1.255497 0.077087
8.411159 -0.875952 -0.680204
8.427601 -0.224505 0.762886
8.443968 0.899786 3.407806
8.460440 2.087073 5.993577
8.476879 2.188135 6.356599
8.493333 1.463906 5.939549
8.509888 0.031423 5.179697
8.526125 -0.655370 3.082563
8.542619 -0.941287 0.342854
8.559087 -0.792090 -1.747466
8.575403 0.249605 -0.308277
8.591996 1.029888 0.270234
8.608410 1.177879 0.353666
8.624777 0.120532 -0.320244
8.641148 -0.786916 0.099798
8.657612 -1.106152 0.212725
8.674072 -0.328760 -0.383729
8.690479 0.061364 -0.564998
8.706856 0.374557 -0.558505
8.723255 0.395989 -0.047314
8.739735 -0.020748 -0.272124
8.756214 -0.388140 -0.188617
8.772615 -0.470170 -0.067566
8.789016 -0.333021 0.498845
8.805382 -0.289880 0.230175
8.821858 -0.158922 0.122644
8.838328 -0.680152 0.233635
8.854731 -1.015374 0.676550
8.871308 -1.584698 1.064891
8.887588 -1.672187 0.995976
8.903996 -1.507144 0.317452
8.920455 0.307300 -0.949327
8.936902 -0.348563 0.225875
8.953299 -1.495269 2.471156
8.969732 -3.160889 5.220317
8.986103 -4.817514 6.659587
9.002584 -5.313480 6.459205
9.019046 -5.163122 4.795863
9.035483 -3.658507 2.259958
9.051861 -1.547690 0.197775
9.068212 -0.308910 -0.638685
9.084731 -1.130650 0.236061
9.101111 -0.673469 0.093123
9.117621 -0.638282 -0.432613
9.134007 -0.394422 -0.865129
9.150516 -0.247099 -0.769316
9.166872 0.181237 -0.041812
9.183229 0.677219 0.174702
9.199667 0.129235 0.352926
9.216276 0.536025 -0.833490
9.232544 1.740623 -1.610984
9.248976 2.665767 -1.926853
9.265560 2.792921 -2.054428
9.281875 2.820604 -1.344188
9.298397 3.500504 -1.995751
9.315043 2.161772 -0.187109
9.331411 -1.174551 2.203737
9.347590 -4.265826 4.599650
9.364149 -4.839329 5.520715
9.380504 -5.464625 6.021393
9.396879 -5.072139 4.797795
9.413234 -3.673257 2.354592
9.429833 -1.204520 -0.045035
9.446193 0.637449 -1.345956
9.462528 -0.149784 0.000000
9.478981 -0.015979 0.000000
9.495426 0.586650 0.000000
9.511854 1.503063 0.000000
9.528338 0.485622 0.000000
9.544693 -0.655859 0.000000
9.561174 -1.684268 0.000000
9.577587 -2.416830 0.000000
9.593982 -3.036462 0.000000
9.610439 -2.412940 0.000000
9.626836 -0.720306 0.000000
9.643256 0.869972 0.000000
9.659729 1.561362 0.000000
9.676216 0.693575 0.000000
9.692507 -0.297719 0.000000
9.709015 -1.239220 0.000000
9.725484 -1.664231 0.000000
9.741879 -1.295080 0.000000
9.758350 -0.699595 0.000000
9.774697 1.095421 0.000000
9.791128 2.575063 2.992673
9.807600 4.322996 0.062247
9.823963 10.842266 -2.676583
9.840371 6.336490 -10.217482
9.856901 -3.145689 -17.731876
9.873297 -13.324611 -22.043249
9.889730 -20.520084 -21.626832
