0.000000 16.426462 10.801225
0.016429 12.451701 7.925608
0.032863 6.560361 3.286886
0.049255 0.358547 -1.153268
0.065633 -2.748205 -3.351333
0.082143 0.509504 -0.230556
0.098628 0.419527 0.409205
0.114965 -0.010718 0.857870
0.131394 0.495197 0.466010
0.147817 1.404299 -0.454011
0.164214 2.299048 -1.176632
0.180874 3.239976 -1.647285
0.197089 2.868197 -1.425597
0.213566 1.695578 -0.702080
0.230005 0.510229 0.000650
0.246452 0.307887 0.604412
0.262874 0.202445 1.343118
0.279252 1.253695 1.652653
0.295663 0.158820 0.147082
0.312128 -1.181230 -1.382785
0.328626 -2.798956 -3.857846
0.345053 -4.722488 -5.292144
0.361425 -5.824027 -5.155544
0.377949 -5.282827 -4.718464
0.394407 -3.919669 -3.243299
0.410746 -1.688307 -2.085178
0.427141 -0.844533 -1.600926
0.443539 -0.897283 -1.399649
0.460016 -0.352608 -0.139359
0.476415 -0.389840 0.526555
0.492906 -0.531537 1.875058
0.509257 -0.393189 2.076708
0.525737 -0.519646 0.996340
0.542156 0.247110 -0.214505
0.558523 -0.267903 -1.856377
0.575001 1.583818 -2.162659
0.591439 4.805061 -1.450946
0.607895 6.940277 -0.090450
0.624382 8.003956 0.809864
0.640824 7.288007 1.116856
0.657185 5.340440 1.065515
0.673684 2.845943 0.581412
0.690096 0.980675 0.041547
0.706377 -0.476751 0.126778
0.722828 0.031236 1.216901
0.739317 -0.354351 1.904011
0.755666 -0.679667 1.945703
0.772248 0.649664 0.979961
0.788622 2.157099 0.106566
0.805016 3.357523 -0.857123
0.821413 3.739659 -1.536387
0.837771 3.367449 -1.700722
0.854311 2.184590 -1.266920
0.870770 0.929670 -0.502716
0.887080 0.403085 0.220095
0.903599 -0.284585 0.687877
0.919997 0.503464 0.899963
0.936469 0.507954 0.967880
0.952824 0.208594 0.313965
0.969289 -0.139800 0.136536
0.985644 -0.196144 -0.604393
1.002174 -0.175635 -1.099865
1.018503 -0.721559 -1.205404
1.034881 0.442227 -0.974718
1.051419 2.078196 -0.523253
1.067815 4.012199 0.542643
1.084335 5.104341 1.335848
1.100722 5.496687 1.764860
1.117156 4.709924 1.701477
1.133629 3.104536 1.107230
1.150017 1.297022 1.107129
1.166429 -0.246862 0.574986
1.182793 0.033392 -0.177250
1.199293 -0.166622 -1.172776
1.215724 0.139583 -1.763446
1.232148 0.190714 -2.531283
1.248539 -0.142766 -2.537110
1.264958 -0.204334 -2.091300
1.281392 -0.109257 -0.675320
1.297904 0.267517 0.549960
1.314413 1.241549 1.391019
1.330777 -0.763443 2.102011
1.347145 -3.345195 2.125876
1.363713 -7.325745 1.427586
1.379962 -10.467426 0.325659
1.396431 -11.491953 -0.291043
1.412772 -9.945528 -1.050362
1.429292 -6.683060 -1.077990
1.445675 -2.448239 -0.723515
1.462085 -0.043148 -0.208491
1.478546 -0.231629 0.209816
1.495127 0.561042 0.439679
1.511394 -0.215179 0.001550
1.527821 -0.301535 0.016531
1.544294 -0.362245 -0.263271
1.560751 -0.180228 -0.745491
1.577086 -0.030530 -0.768625
1.593651 0.056356 -0.488559
1.609943 -0.029426 -0.288486
1.626374 -0.430913 0.146406
1.642890 0.061887 0.853111
1.659189 -1.660636 0.936555
1.675696 -3.655109 1.233414
1.692071 -4.970190 0.845320
1.708546 -5.470606 0.415347
1.724962 -4.647958 0.238601
1.741441 -2.509269 0.317709
1.757835 -0.523648 0.393069
1.774210 0.693667 0.762548
1.790645 1.478260 1.257976
1.807056 -0.339360 0.545092
1.823570 -1.150475 -0.553439
1.839993 -2.457816 -2.117657
1.856377 -2.679516 -2.878382
1.872768 -1.642817 -2.509949
1.889270 -0.361063 -1.411831
1.905682 0.818036 0.451422
1.922159 1.542105 2.278114
1.938555 1.001031 3.454442
1.955022 0.246477 2.873723
1.971439 0.729728 1.763613
1.987991 1.890554 0.455470
2.004268 3.615408 -0.063547
2.020752 4.140274 -0.452681
2.037148 3.808581 -0.891654
2.053471 1.932632 -0.923607
2.069997 -0.407054 -0.886669
2.086401 -1.996204 -0.374463
2.102873 -1.550990 -0.392267
2.119273 -0.515817 -0.211134
2.135678 0.203107 -0.154813
2.152210 0.853019 -0.169836
2.168542 0.968711 -0.769506
2.184916 0.666531 -3.377902
2.201492 -0.128910 -3.381719
2.217868 -0.382148 1.083170
2.234279 -0.271526 6.631110
2.250720 -0.273809 11.135683
2.267205 -0.456861 13.432977
2.283489 -0.746737 12.340895
2.300151 -0.672311 8.809716
2.316325 -0.213883 3.731223
2.332872 0.683211 -0.415243
2.349302 1.200792 0.308029
2.365618 1.363293 1.352039
2.382151 1.036996 0.707489
2.398502 -0.102142 -0.152047
2.414961 -0.956938 -1.097369
2.431456 -1.303244 -1.594593
2.447775 -1.183582 -1.084219
2.464277 -0.773918 -0.261773
2.480769 -0.427918 0.999559
2.497095 -0.275599 1.664435
2.513519 0.008258 1.331605
2.529946 -0.192558 0.692799
2.546382 -0.160989 -0.314270
2.562801 0.255275 -0.868312
2.579307 1.011213 -0.725310
2.595610 0.912169 -0.251265
2.612183 0.766350 0.025992
2.628657 0.394867 -0.360929
2.644975 -0.351533 -0.699396
2.661553 -1.103797 -0.678478
2.677847 -1.437091 -0.564736
2.694158 -1.125265 -0.428050
2.710718 -0.463527 -0.040386
2.727090 0.399611 0.023462
2.743583 0.418688 -0.114728
2.759933 0.624759 -0.168157
2.776426 0.388951 -0.175161
2.792775 0.202282 0.314622
2.809201 0.002578 0.553532
2.825673 -0.124998 1.766193
2.842073 -0.311291 2.059675
2.858546 0.343298 -0.204834
2.874979 0.843311 -2.838387
2.891371 0.986815 -5.305868
2.907882 1.797919 -6.916706
2.924202 2.654984 -6.768538
2.940710 2.890007 -5.038105
2.957024 2.021162 -2.412875
2.973527 0.873688 -0.317412
2.990082 -0.381336 -0.213560
3.006345 -0.928695 -0.495331
3.022927 -1.459583 0.099231
3.039159 -1.204981 -0.038345
3.055619 -0.510814 -0.364932
3.072094 -0.289680 -1.171241
3.088453 -0.481475 -2.048431
3.104893 -0.585497 -2.404204
3.121345 -0.463784 -1.960480
3.137797 -0.337344 -0.728819
3.154168 -0.026457 0.336985
3.170652 0.360648 1.018904
3.187045 0.385649 0.875308
3.203536 0.211024 0.061548
3.219975 -2.167998 -0.713204
3.236314 -0.706086 -1.124744
3.252922 4.039729 -0.909842
3.269187 9.202109 -0.002174
3.285732 12.755095 0.681499
3.302131 13.105338 1.291715
3.318458 10.218427 1.626717
3.335094 5.119668 1.018011
3.351407 -0.023020 0.020962
3.367875 -3.236617 -1.357835
3.384313 -1.158296 -2.017494
3.400713 0.282910 -1.649591
3.417123 0.830834 -0.556504
3.433533 1.029015 -0.640341
3.449982 0.587659 1.238378
3.466360 0.576681 2.557861
3.482745 -0.250070 4.772589
3.499218 -0.933118 6.243388
3.515646 -1.001760 6.403962
3.532074 -1.386704 5.986061
3.548496 -1.519756 4.433046
3.565011 -1.352053 2.119903
3.581456 -1.206412 0.074844
3.597758 -0.937751 0.265565
3.614229 -0.411452 0.071969
3.630577 -0.639692 0.921877
3.647048 -0.069643 0.098170
3.663519 0.034899 -0.540041
3.679878 0.360047 -1.229018
3.696260 0.225894 -1.358826
3.712845 -0.441017 -0.688969
3.729177 -1.284818 -0.377985
3.745596 -1.720595 -0.177721
3.762031 -2.064566 -0.323468
3.778520 -1.946640 -0.573598
3.794923 -1.035711 -0.883541
3.811407 -0.137858 -0.784062
3.827772 0.581282 -0.101241
3.844225 0.179056 1.017592
3.860648 0.180911 1.359044
3.877133 0.329818 1.164462
3.893528 0.402954 1.251994
3.909877 0.723804 1.102388
3.926444 1.188234 0.768566
3.942761 -0.132613 0.657465
3.959286 -1.695962 0.615409
3.975714 -3.487339 0.850374
3.992049 -4.814648 0.617342
4.008497 -4.959392 0.383057
4.024916 -4.562047 -0.161662
4.041299 -3.158179 -0.529359
4.057774 -1.238969 -0.597026
4.074272 0.040858 0.325288
4.090649 0.193253 0.644809
4.107100 0.532542 -0.066916
4.123436 0.417895 -0.758837
4.139875 0.354739 -1.203873
4.156294 0.248349 -1.150085
4.172748 -0.103191 -0.519166
4.189222 -0.096925 0.594906
4.205693 -0.830997 1.278075
4.222071 -0.825139 1.399749
4.238522 -0.757544 0.184475
4.254925 -0.372514 -0.685054
4.271323 0.193921 -0.366785
4.287764 0.329424 0.152286
4.304225 0.145244 0.697707
4.320676 0.108158 0.663613
4.337107 -0.321684 0.582035
4.353523 -0.865172 0.521431
4.369899 0.097445 0.426680
4.386407 0.443530 0.493106
4.402795 0.636561 0.759170
4.419198 0.876088 1.397742
4.435595 0.894525 1.102214
4.452002 0.807223 0.584576
4.468520 0.546753 -0.144959
4.484901 -0.222593 -0.858872
4.501345 -0.157109 -2.130540
4.517695 -0.499105 -2.628631
4.534247 -0.820140 -2.217270
4.550620 -0.323057 -1.476725
4.567046 0.583496 -0.007377
4.583520 0.845919 0.910191
4.599952 0.822529 1.531391
4.616372 0.610035 0.821720
4.632771 0.287796 0.295246
4.649262 -0.186693 0.696448
4.665605 -0.603316 1.083941
4.682104 -0.092530 1.243919
4.698517 -0.495396 1.065530
4.714877 -0.689082 1.074557
4.731326 -0.719788 0.400972
4.747720 -0.124895 0.055048
4.764250 0.078630 0.049147
4.780573 0.207989 0.344143
4.796998 0.153750 -0.667078
4.813430 0.194788 -1.205596
4.830006 -0.360938 -0.946524
4.846292 -0.741721 -0.896680
4.862706 -0.497428 0.419343
4.879200 -0.153997 1.566181
4.895672 0.377336 1.956467
4.912076 -0.053883 2.279921
4.928552 -0.015807 1.611267
4.944896 -0.109610 0.749716
4.961364 0.025051 0.993569
4.977718 -0.337683 0.357930
4.994154 -0.383247 -0.004294
5.010602 0.058955 -0.009567
5.026998 0.124040 -0.597889
5.043502 -0.291510 -0.551189
5.059948 -0.847752 -0.592274
5.076323 -0.601438 -0.838713
5.092748 -0.385969 -0.603442
5.109288 0.036697 0.292175
5.125657 0.299615 0.230861
5.142076 0.114225 1.696494
5.158520 0.569387 0.382551
5.174922 1.260820 -2.313534
5.191374 2.201563 -5.305815
5.207834 2.836621 -6.617937
5.224182 2.868966 -5.806154
5.240705 2.301037 -3.951534
5.257026 1.608915 -0.426846
5.273497 0.480229 1.173994
5.289954 -0.493650 1.721906
5.306341 -0.737557 -2.243508
5.322750 -0.496528 -6.131042
5.339170 0.370647 -9.079289
5.355661 0.373642 -9.767640
5.372107 0.363609 -8.940151
5.388499 0.185685 -6.060321
5.405010 -0.005987 -2.397235
5.421355 -0.467215 0.091287
5.437728 -0.446444 2.597021
5.454150 -0.571722 2.464307
5.470572 0.211939 1.551262
5.486998 0.516587 0.416337
5.503508 -0.075405 -0.081727
5.519969 0.549160 -0.761024
5.536293 1.370730 -1.128071
5.552831 1.414405 -0.930052
5.569224 1.260072 -0.534676
5.585569 1.115215 -0.094414
5.602073 0.363109 0.033253
5.618416 0.001985 0.273247
5.634882 -0.583905 0.736590
5.651331 -0.733193 1.211641
5.667724 -0.467108 1.025872
5.684201 -1.431084 0.965132
5.700595 -1.555270 -0.027412
5.717031 0.964274 -1.336762
5.733551 3.363741 -2.057040
5.749880 5.436644 -2.351442
5.766469 6.797819 -1.804778
5.782831 6.767725 -0.973566
5.799145 4.973988 0.497055
5.815604 2.124112 1.569996
5.832001 -0.207613 1.936178
5.848432 0.932157 1.052484
5.864955 -0.553476 0.631308
5.881319 -1.337089 0.568691
5.897718 -5.831762 -0.234503
5.914176 -11.052198 -0.585330
5.930551 -14.384631 -0.937116
5.947067 -15.137892 -0.681795
5.963549 -12.563326 -1.229793
5.979898 -7.805991 -1.732755
5.996307 -2.541164 -1.571696
6.012747 -0.116942 -0.436552
6.029124 1.834161 0.637396
6.045653 0.125435 0.794256
6.062032 0.740912 1.262768
6.078415 0.982127 1.177638
6.094877 0.720219 0.967676
6.111347 0.387406 0.026135
6.127799 -0.066603 -0.450216
6.144256 -0.393093 -0.285429
6.160574 -0.859944 -0.234578
6.177071 -0.736437 -0.431102
6.193471 -0.369800 -0.730220
6.209872 -0.667945 -0.537612
6.226378 -0.715185 -0.299212
6.242755 -0.924283 0.316514
6.259130 -1.102029 0.608731
6.275596 -1.041151 0.870280
6.291968 -0.736357 1.056297
6.308518 -0.251675 1.072729
6.324923 0.181297 1.033289
6.341372 0.426816 1.145424
6.357749 0.782621 1.010017
6.374181 1.101416 0.656373
6.390648 0.803727 0.205746
6.407012 0.186163 -0.339823
6.423442 -0.487487 -0.534218
6.439878 -1.195338 -0.888511
6.456408 -1.431376 -1.160591
6.472773 -1.344343 -1.552891
6.489148 -0.762582 -1.172791
6.505551 0.164508 -0.470312
6.521996 1.063048 0.542806
6.538523 1.308303 1.195012
6.554921 1.047260 1.243347
6.571247 0.583705 0.276312
6.587729 0.127088 -1.182584
6.604123 -0.777230 -0.778222
6.620651 -1.520146 0.412914
6.637009 -2.305515 2.795894
6.653409 -2.304094 4.813700
6.669848 -1.860005 5.829338
6.686347 -1.144228 5.226072
6.702778 -0.431175 3.532921
6.719179 0.020877 1.637459
6.735621 0.040316 -0.182489
6.752022 -0.567411 -1.249510
6.768500 -0.683876 -2.281191
6.784850 -0.917280 -1.799772
6.801344 -0.351381 -1.143354
6.817787 0.189130 -0.426232
6.834179 0.359527 0.403511
6.850577 0.297134 1.008882
6.867110 -1.347978 1.198660
6.883555 -0.677279 0.481483
6.899872 2.746746 0.131162
6.916353 6.588863 -0.146693
6.932771 9.580102 -0.140949
6.949103 10.989578 -0.271317
6.965541 10.079043 -0.407207
6.982071 6.864398 -0.221021
6.998518 2.680781 -0.690885
7.014853 -0.715701 -1.471541
7.031345 -0.597264 -2.072579
7.047740 -0.416366 -1.669685
7.064092 -0.840194 -0.634236
7.080542 -0.436152 0.355663
7.096994 -0.020747 0.996117
7.113491 0.238206 1.181933
7.129919 0.124924 1.051431
7.146407 0.083883 0.354389
7.162831 -1.568285 -0.090553
7.179162 -0.134251 0.390726
7.195677 3.136451 1.011154
7.212136 6.467936 1.406927
7.228432 8.699220 0.823479
7.244895 8.700430 0.441336
7.261375 6.563253 0.277163
7.277863 3.208277 -0.090342
7.294178 0.037272 -0.001617
7.310648 -1.717007 0.260129
7.327012 -0.055246 1.231577
7.343433 0.378897 1.538586
7.359876 0.482810 1.296349
7.376342 0.579406 0.718949
7.392811 0.267700 0.074340
7.409162 -0.030538 -0.519469
7.425568 0.048956 -1.757058
7.442042 -0.075920 -2.039330
7.458478 0.180292 -3.320049
7.474934 0.030036 -1.451049
7.491385 -1.418144 1.692108
7.507717 -3.162616 4.909538
7.524183 -4.497583 7.063854
7.540623 -5.191182 7.169844
7.557000 -4.825512 5.560486
7.573407 -3.077636 2.449441
7.589896 -1.051078 -0.089993
7.606254 0.756789 -1.402427
7.622735 0.819891 -0.113041
7.639048 0.196260 0.375513
7.655566 -0.078827 0.716894
7.671964 0.078071 0.935087
7.688436 0.199626 1.057972
7.704846 0.415993 0.924111
7.721432 0.640110 0.835948
7.737697 0.444580 0.392332
7.754200 -0.007589 -0.441095
7.770588 -0.006366 -0.972863
7.786968 0.275281 -0.866717
7.803467 0.209848 -0.659198
7.819791 1.151400 -0.560099
7.836296 1.424911 -0.396356
7.852673 1.588746 -0.377901
7.869172 1.239833 -0.213494
7.885568 0.572928 -0.143100
7.901994 -0.350592 0.514855
7.918404 -0.470803 0.862052
7.934850 -0.944377 0.927096
7.951304 -1.026809 -0.292615
7.967745 -0.420077 2.004991
7.984148 -0.099031 2.780475
8.000530 0.345010 2.357176
8.017085 0.634767 1.243666
8.033515 0.606805 -0.078944
8.329149 0.324861 -1.448879
8.345638 -0.222477 -2.915089
8.362048 -0.511912 -2.724675
8.378508 -0.590123 -1.524607
8.394958 -0.255242 1.126334
8.411257 -0.356141 -0.395679
8.427813 -0.203567 -1.012934
8.444218 0.220527 -1.854954
8.460543 0.092033 -2.144543
8.477039 0.130593 -1.689572
8.493423 2.168779 1.037927
8.509877 1.612219 1.805815
8.526242 -2.829332 -1.262271
8.542836 -7.238724 -5.073807
8.559074 -11.229296 -8.877925
8.575733 -11.984974 -10.661389
8.592032 -10.241288 -9.593765
8.608400 -6.795233 -6.212151
8.624792 -2.055068 -1.698468
8.641292 1.687856 1.776067
8.657720 0.428292 0.832899
8.674181 -0.132662 0.255722
8.690542 1.205712 0.842086
8.707001 0.275519 1.261496
8.723423 -0.701701 1.256974
8.739846 -2.171741 0.706312
8.756342 -3.521369 -0.909019
8.772706 -4.008972 -2.268193
8.789066 -4.041967 -3.532542
8.805549 -2.911854 -2.922570
8.822028 -0.323190 -1.183244
8.838384 1.297705 0.291943
8.854870 0.939779 1.095930
8.871272 1.162773 1.432242
8.887699 1.083777 1.788317
8.904146 0.427331 1.243800
8.920542 -0.064934 1.060512
8.937039 -0.097561 0.990158
8.953463 -0.033542 0.527718
8.969902 -0.089217 -0.753868
8.986278 -0.607275 -1.261531
9.002758 -0.778758 -1.434445
9.019153 1.220073 -0.449875
9.035628 4.020467 0.124116
9.051944 5.404876 0.719844
9.068516 6.245469 1.591698
9.085365 5.682457 2.166750
9.101320 3.624928 1.482205
9.117757 1.449977 0.919896
9.134307 -0.661798 -0.222491
9.150541 -0.379883 -0.828557
9.166928 0.862055 -0.863136
9.183399 1.035674 -0.633648
9.199821 0.685104 -0.007672
9.216254 0.767037 0.943296
9.232701 -0.530431 1.652843
9.249248 -1.163946 1.882896
9.265731 1.067109 2.472798
9.281967 3.887778 2.883516
9.298381 6.863139 2.422509
9.314796 8.172393 1.131839
9.331221 7.706586 -0.100407
9.347688 5.759587 -0.484634
9.364143 2.865653 -0.939415
9.380601 0.342718 -1.952440
9.396947 -0.118327 -2.174495
9.413327 0.286379 -1.762932
9.429868 -0.077029 -1.136409
9.446245 -0.199481 -0.487654
9.462645 -0.150585 0.638336
9.479100 -0.298150 1.522263
9.495513 0.670545 1.381293
9.511944 1.271847 0.344762
9.528341 1.752374 0.200562
9.544791 1.497886 0.113852
9.561225 1.058608 -0.091293
9.577730 0.430988 -0.132591
9.594126 -0.126923 -0.227521
9.610678 -0.362727 -0.239302
9.626953 -0.290469 0.148578
9.643373 0.637717 -0.538515
9.659914 -0.277425 -0.943902
9.676230 -1.505334 -1.250373
9.692774 -2.902210 -2.385338
9.709098 -2.822334 -2.347349
9.725498 -1.865448 -1.463282
9.741962 -0.567031 -0.667125
9.758336 0.439641 0.166539
9.774867 0.951446 0.258569
9.791398 1.645272 -0.017700
9.807664 -0.375123 -0.083344
9.824086 -0.071962 -0.519375
9.840538 -3.953233 -0.777711
9.856992 -8.098654 0.257905
9.873403 -11.491053 0.884715
9.889855 -12.794969 0.491063
9.906288 -11.504101 0.134085
9.922663 -7.709219 -0.279535
9.939038 -3.448742 -1.153492
9.955552 -0.856582 -2.031707
9.972039 1.048478 -1.546416
9.988388 -0.916641 -0.302425
10.004900 0.181413 0.827308
10.021265 1.178558 1.493726
10.037683 1.777099 1.699270
10.054183 1.720731 1.414032
10.070553 1.203698 0.491503
10.086914 -0.081915 -0.868262
10.103392 -0.622138 -0.988053
10.119788 -0.475877 -0.528826
10.136246 -0.124590 -0.140913
10.152664 0.050290 0.375261
10.169143 -0.968520 0.833072
10.185501 -0.379119 0.374501
10.202046 1.061319 -0.299802
10.218393 2.526213 -0.564698
10.234867 3.551279 -0.747474
10.251269 4.278449 -0.474071
10.267761 3.768582 -0.574372
10.284176 2.379859 -0.880725
10.300543 0.386473 -0.815607
10.316891 -1.605016 -0.958471
10.333334 -0.972912 -0.999426
10.349871 -0.821260 -0.028004
10.366195 -0.997322 1.214362
10.382784 -0.101416 1.609257
10.399143 2.023554 1.063588
10.415458 3.910137 -0.346936
10.431972 5.010908 -1.136961
10.448392 4.668374 -1.436310
10.464765 3.732777 -1.308038
10.481265 2.887823 -0.016296
10.497640 1.264347 1.182557
10.514143 0.104630 1.565173
10.530501 0.288760 0.642267
10.546892 0.371247 -0.395783
10.563426 -0.981285 -0.479330
10.579833 -0.183665 -0.601867
10.596252 1.268729 -0.945772
10.612703 2.626789 -1.395589
10.629061 3.792647 -1.079726
10.645539 4.156343 -1.049586
10.661913 3.723919 -0.750195
10.678391 2.341958 -0.270844
10.694793 0.727019 0.080377
10.711240 -0.660425 -0.216312
10.727604 -0.238061 -0.536259
10.744084 0.806994 0.100676
10.760590 2.420849 1.035150
10.776956 4.112070 2.270001
10.793422 5.076027 2.746170
10.809831 5.024678 2.612474
10.826266 3.480341 2.184826
10.842621 1.396975 1.554351
10.859044 -0.441154 1.134972
10.875518 -0.942280 0.644256
10.891913 -0.010811 -0.364367
10.908369 0.575774 -1.446714
10.924887 0.938374 -2.166110
10.941265 0.960458 -1.704566
10.957680 0.576283 -0.190422
10.974078 -0.283089 1.761215
10.990491 -0.855138 2.739115
11.006933 -1.244177 2.791555
11.023353 -0.986316 1.008177
11.039788 -0.326007 -1.108830
11.056267 1.325426 -3.465923
11.072676 -0.093038 -3.282817
11.089084 -2.098869 -1.669153
11.105583 -3.822847 0.548802
11.121957 -5.153141 1.595258
11.138289 -5.399609 1.434370
11.154767 -4.463627 -0.121992
11.171269 -2.370793 -1.647944
11.187770 -0.320372 -1.874116
11.204039 0.843478 -0.725974
11.220580 -0.493047 1.143984
11.236913 0.215237 1.436453
11.253392 0.450340 0.976716
11.269874 0.797382 -0.021082
11.286239 1.589647 -0.559304
11.302643 2.436440 -0.369968
11.319151 2.430064 0.605053
11.335480 1.764042 1.182526
11.351994 0.755431 1.519686
11.368363 -0.478740 0.627613
11.384762 -0.109558 -0.310745
11.401181 0.299123 -1.017555
11.417615 2.515537 -1.196587
11.434060 4.024739 -1.245441
11.450529 4.558670 -0.990153
11.466896 3.407152 -0.781457
11.483394 2.035420 -0.198833
11.499835 0.372616 0.047773
11.516270 -0.600477 -0.129083
11.532642 -0.445058 0.107234
11.549061 -0.403415 0.348591
11.565460 0.621103 0.436586
11.581880 0.640114 0.215438
11.598377 0.959090 -0.199439
11.614783 1.311495 -1.479298
11.631180 -0.280537 -0.397416
11.647725 -2.162278 0.911163
11.664143 -4.890574 3.523697
11.680472 -7.079129 6.259552
11.697016 -7.721626 7.668989
11.713367 -6.548377 6.864154
11.729810 -4.506615 4.548969
11.746206 -2.284675 1.754865
11.762662 -0.734429 -0.320768
11.779018 -0.489240 0.098213
11.795442 0.688280 0.275209
11.811952 0.262076 1.524744
11.828344 0.188110 2.511276
11.844760 0.071090 2.481628
11.861206 -0.755172 2.070340
11.877585 -1.371441 1.788568
11.894075 -1.022859 1.121187
11.910517 -0.563537 0.886625
11.926908 -0.518713 0.938999
11.943393 -0.558286 0.993744
11.959760 -1.319877 1.542238
11.976252 -1.382582 1.559425
11.992641 -1.085641 0.145179
12.008996 -0.602561 -0.484951
12.025516 0.137540 -1.244960
12.041986 0.314966 -1.130116
12.058390 -0.439343 -1.096861
12.074748 -0.653007 -1.049235
12.091266 -0.475269 -0.696281
12.107662 -0.236820 -0.823719
12.124158 0.302856 -0.842008
12.140517 1.155084 -0.394368
12.156996 0.610755 1.412507
12.173473 -1.466098 2.589157
12.189909 -3.561161 2.846600
12.206193 -4.788836 2.607017
12.222662 -4.754253 2.427073
12.239120 -3.908547 1.814454
12.255462 -2.433556 0.826120
12.272002 -0.645049 0.692378
12.288314 0.774382 0.531619
12.304977 0.174294 1.024972
12.321245 0.049121 0.702215
12.337626 0.776492 0.297002
12.354016 0.618645 0.028521
12.370537 -0.133205 -1.032118
12.386956 -0.877277 -1.816458
12.403339 -1.546065 -2.121293
12.419708 -1.641637 -1.502853
12.436207 -1.447586 -0.531469
12.452638 -0.629351 0.392882
12.469019 1.019951 0.655933
12.485534 2.181731 0.028738
12.501947 1.785646 0.532211
12.518332 1.627575 0.703801
12.534774 1.358037 0.986302
12.551180 0.873797 0.822263
12.567673 0.055342 0.602006
12.584022 -0.672752 0.101813
12.600539 -0.934753 -0.456875
12.616924 -1.443307 -0.803506
12.633320 -2.152132 -0.477215
12.649890 -2.151460 0.694267
12.666177 -1.537049 0.651285
12.682707 -1.118567 0.903610
12.699045 -0.803438 0.544510
12.715512 -0.247290 0.434044
12.731864 0.446220 0.094749
12.748306 0.818686 0.084219
12.764767 0.598022 -0.361246
12.781218 0.401744 -0.676104
12.797643 0.234751 -0.936793
12.814017 -0.417687 -0.851838
12.830522 -0.670217 -0.748410
12.847020 -0.551705 -0.431205
12.863366 -0.074000 0.062540
12.879849 0.449282 0.533502
12.896324 0.637331 0.566884
12.912643 0.448919 0.127493
12.929080 -0.290733 -0.127688
12.945458 -0.652532 -0.231126
12.961989 0.708972 -0.870939
12.978313 2.476326 -2.089248
12.994801 4.446626 -2.131505
13.011174 5.580636 -1.831460
13.027694 5.069760 -1.100140
13.044045 3.744919 0.223000
13.060472 2.019935 0.975313
13.076935 0.532932 0.914258
13.093332 0.362443 0.261971
13.109707 0.603738 -0.882870
13.126143 0.140965 -1.194166
13.142619 -0.168372 -0.701339
13.159161 -0.724488 -0.245386
13.175491 -1.098840 0.504813
13.191892 -0.430180 0.775366
13.208471 -0.075662 0.028857
13.224741 0.189285 -0.395655
13.241199 0.198809 -0.276086
13.257621 0.307426 -0.110063
13.274067 0.455885 -0.061987
13.290515 0.361702 0.334248
13.306924 0.306829 0.838384
13.323323 -0.202564 0.760350
13.339787 0.155650 0.374379
13.356321 1.044525 0.088009
13.372580 2.535171 -0.061328
13.389036 3.114972 0.092366
13.405572 3.248749 0.071315
13.421916 2.741828 0.077769
13.438303 1.479416 0.402131
13.454769 0.141330 0.459344
13.471245 -0.842219 0.381523
13.487600 -0.424195 0.482344
13.503946 0.067788 0.532038
13.520634 -0.085262 0.850916
13.536913 -0.344298 0.937407
13.553265 0.361506 0.349670
13.569893 0.925684 -0.400943
13.586208 1.160279 -1.299889
13.602582 1.207673 -1.981220
13.619015 1.175812 -2.307616
13.635450 0.210486 -1.968179
13.651892 -0.554302 -1.208603
13.668239 -0.874808 -0.347233
13.684706 -0.474968 0.222386
13.701268 -0.014992 0.879294
13.717619 0.582154 1.582075
13.734115 -0.212023 1.871037
13.750517 -0.427205 1.466294
13.766888 -0.032982 0.309320
13.783287 -0.178041 -0.466534
13.799837 0.189446 -1.053028
13.816240 -0.083124 -0.987719
13.832644 0.079178 -0.666669
13.849046 -0.136345 0.090812
13.865515 -0.738492 0.796221
13.881943 -0.982729 1.022986
13.898343 0.447834 0.691856
13.914700 1.328279 0.664097
13.931190 1.246769 0.307761
13.947644 0.871850 -0.476611
13.964071 0.492225 -0.993560
13.980405 -0.078831 -1.565694
13.996894 -1.291756 -1.435278
14.013490 -1.998825 -1.259433
14.029725 -1.684123 -0.898267
14.046175 -0.975122 -0.157546
14.062627 0.487270 0.352929
14.079035 0.399002 0.828235
14.095489 -0.149957 0.827997
14.112016 -0.612197 0.272915
14.128293 -1.925507 -0.477695
14.144765 -2.647732 -0.895447
14.161218 -2.928579 -0.850456
14.177598 -1.561792 -0.724544
14.194052 0.290583 0.205721
14.210404 1.839135 0.993758
14.226872 1.691218 1.673753
14.243353 1.369924 1.248746
14.259804 0.044840 0.779541
14.276206 -1.344456 -0.117258
14.292643 -1.458952 -0.475004
14.309052 -0.910045 -0.231019
14.325453 0.452489 -0.049321
14.341898 1.042058 0.610275
14.358315 1.797532 0.879227
14.374715 0.506842 0.723925
14.391234 -1.269416 -0.194145
14.407590 -2.899702 -1.216901
14.424036 -2.779875 -1.557420
14.440496 -2.054793 -0.760916
14.456903 -0.952049 0.238899
14.473355 0.264940 1.002370
14.489723 1.151025 1.662091
14.506291 1.270388 1.739759
14.522734 0.110990 0.944707
14.539018 -0.204450 0.107029
14.555466 -0.151773 -0.374442
14.571867 0.272580 -0.244268
14.588356 0.214528 0.019668
14.604746 0.321067 0.352306
14.621118 0.165110 0.102628
14.637622 -0.167508 -0.436120
14.654116 -0.501058 -1.221981
14.670441 -0.501460 -1.533688
14.686849 -0.262854 -1.239182
14.703230 -0.049267 -0.732354
14.719777 0.500642 -0.473334
14.736145 0.483245 0.199391
14.752539 -0.050250 0.707987
14.769041 -0.937032 0.927986
14.785457 -1.428442 0.889332
14.801848 -1.372961 0.795794
14.818378 -1.105549 0.693314
14.834819 -0.586895 0.368807
14.851220 -0.139449 0.231602
14.867517 0.529542 0.358977
14.884020 0.455621 0.943745
14.900497 0.901109 0.818652
14.916879 0.650604 0.627098
14.933360 0.228343 0.415002
14.949763 -0.523619 0.382687
14.966143 -1.040954 0.319429
14.982622 -1.121513 0.319409
14.998992 -0.957786 0.241348
15.015402 -0.771464 0.026156
15.031867 0.007548 -0.032710
15.048345 1.175173 0.137025
15.064800 1.533085 0.381148
15.081222 1.741772 0.483826
15.097516 1.415941 0.222401
15.113994 0.750547 -0.338750
15.130456 -0.195143 -0.930923
15.146840 -0.820766 -1.112318
15.163342 -0.742608 -0.970994
15.179709 0.244426 -0.553837
15.196148 0.701306 -0.161031
15.212591 0.570286 0.065563
15.228995 0.262051 0.118667
15.245426 0.031137 -0.035914
15.261927 -0.312836 -0.272087
15.278304 -0.777470 -0.290063
15.294695 -1.326246 -0.060195
15.311120 -1.561265 -0.037506
15.327607 -0.982000 0.068902
15.344015 0.090575 0.038574
15.360400 1.022946 -0.018213
15.376839 1.357865 0.070257
15.393250 0.936470 0.575521
15.409694 0.346513 0.541855
15.426170 -0.250700 0.927744
15.442588 -0.396428 1.648290
15.458967 -0.217235 1.221693
15.475397 0.358133 0.643138
15.491849 0.539006 -0.012698
15.508279 0.226032 -0.697246
15.524697 -0.372998 -1.487786
15.541123 -0.588805 -2.486839
15.557563 -0.492943 -2.236173
15.574040 -0.609542 -1.170396
15.590424 -0.111939 -0.763122
15.606844 -0.442273 -0.873497
15.623321 -1.074272 -0.267783
15.639669 -1.842256 0.115208
15.656177 -2.249443 0.436884
15.672652 -2.198852 0.678447
15.689160 -1.756959 0.895104
15.705403 -1.220017 0.922852
15.721804 0.009735 0.239591
15.738318 1.149175 -0.040405
15.754744 0.984542 0.030915
15.771094 0.858277 0.032766
15.787600 0.771955 0.200193
15.803966 0.393663 -0.053266
15.820611 -0.428239 -0.656675
15.836873 -1.134856 -1.285014
15.853245 -1.265296 -1.266133
15.869698 -0.986095 -0.768463
15.886203 -0.572404 -0.437782
15.902540 -0.562685 0.359205
15.919019 -1.091216 0.768117
15.935453 -1.746349 -0.568212
15.951829 -1.233279 0.455659
15.968286 -2.585445 3.299677
15.984746 -6.624230 6.476713
16.001113 -5.704595 7.939515
16.017568 -1.959567 7.256918
16.034110 3.499920 6.472558
16.050573 6.015282 2.207026
16.313243 6.227861 -3.887221
16.329667 4.684273 -8.213495
16.346094 1.422178 -7.638469
16.362688 -3.449650 -6.289015
16.379003 -4.513493 -3.815002
16.395432 -1.155677 -0.739270
16.411871 1.089120 1.708946
16.428247 2.783358 2.354977
16.444748 2.530356 -0.287031
16.461121 3.029901 -1.657572
16.477565 3.310931 -2.256046
16.493994 2.857177 -1.932749
16.510452 1.664820 -1.075401
16.526820 0.269118 -0.093667
16.543344 -0.859234 0.636355
16.559744 -0.376992 0.354293
16.576153 -0.234119 0.277968
16.592618 0.265889 0.092748
16.609011 0.801585 0.053537
16.625450 0.883158 0.236485
16.641953 0.195065 0.035990
16.658246 -0.120790 -0.214080
16.674703 0.827713 -0.179228
16.691151 0.987063 -0.197353
16.707592 -1.701812 -1.515803
16.723952 -5.022841 -2.843170
16.740351 -8.214514 -3.389964
16.756814 -10.118270 -3.596782
16.773256 -9.797716 -3.033530
16.789638 -7.369464 -2.668971
16.806114 -3.469188 -1.670466
16.822585 -0.178178 -0.785149
16.839025 0.287101 -0.727110
16.855401 -0.223934 -1.014125
16.871842 0.221200 -0.621002
16.888243 0.044783 -0.147496
16.904796 0.119887 0.326465
16.921088 0.139035 0.795363
16.938062 0.452265 1.121060
16.953991 0.359678 1.366067
16.970384 -0.731524 1.643784
16.986868 -1.015333 0.123164
17.003259 0.540415 -1.527536
17.019680 2.559396 -2.810547
17.036093 4.197070 -3.116954
17.052564 5.086763 -2.845977
17.068944 4.935969 -2.244294
17.085409 4.086721 -0.592429
17.101915 1.740313 0.482828
17.118245 -0.127050 1.011769
17.134632 -0.811508 1.286028
17.151092 0.014569 2.113560
17.167492 1.201958 1.720247
17.183995 1.326339 1.394429
17.200459 1.490556 0.541603
17.216839 1.665723 0.211891
17.233333 0.788543 -0.526614
17.249648 -0.659049 -1.487683
17.267269 -1.846098 -1.904778
17.282517 -1.691629 -1.682537
17.299020 -0.394470 -2.062703
17.315490 0.009682 -1.988842
17.331821 -0.546418 -1.034048
17.348271 0.144565 -0.062595
17.364670 0.889799 1.202682
17.381068 1.347925 1.192757
17.397540 -0.201514 2.091400
17.413914 -2.625866 2.629840
17.430414 -4.280617 2.909363
17.446824 -6.405372 2.350025
17.463309 -7.225982 1.550314
17.479717 -6.666646 0.855656
17.496168 -4.230713 0.285972
17.512592 -1.511431 -0.365810
17.528945 -0.193990 -0.567984
17.545404 -0.413952 -0.002860
17.561857 0.292693 -0.118309
17.578232 0.564965 -0.153739
17.594676 0.097519 -0.221560
17.611147 0.037587 -0.034626
17.627676 0.128102 0.326186
17.643946 0.324465 0.516233
17.660428 0.213636 0.593726
17.676970 0.233107 0.417689
17.693246 0.506657 0.231293
17.709668 0.895892 0.228530
17.726094 0.556137 0.237837
17.742525 -0.073423 0.031971
17.758970 -0.642837 -1.233393
17.775428 -1.321530 -0.739270
17.791819 -1.571820 0.628088
17.808216 -1.134063 2.570276
17.824695 -0.128325 3.817191
17.841149 0.958931 4.470747
17.857527 1.738388 3.996758
17.873968 1.626620 2.345610
17.890387 1.561456 0.654307
17.906872 0.997212 -0.447131
17.923293 0.498441 0.674996
17.939774 0.099043 0.674199
17.956094 -0.422648 -0.338473
17.972567 -0.689645 -0.025265
17.988999 -0.361671 1.141229
18.005370 0.065164 1.971868
18.021821 0.074117 2.318368
18.038227 0.095911 2.390028
18.054624 0.073505 1.387020
18.071169 -0.934021 0.701234
18.087520 -1.669892 -0.644582
18.103968 -1.239581 -1.160239
18.120346 -0.681548 0.058482
18.136868 0.434874 0.532374
18.153209 0.840073 0.699663
18.169659 1.870840 1.251146
18.186147 2.635201 1.645822
18.202492 2.504060 1.936344
18.219032 1.990955 1.913361
18.235431 2.207591 1.274126
18.251828 1.603611 0.986813
18.268251 0.703091 0.577746
18.284671 0.319959 -0.042589
18.301143 -0.085654 -0.489516
18.317551 -0.183356 -0.970781
18.333935 -0.610093 -1.102120
18.350387 -2.102087 -0.530107
18.366829 -0.017544 -0.087818
18.383297 4.031173 0.784043
18.399677 7.847457 1.286346
18.416104 10.269007 1.264144
18.432620 10.236047 0.381771
18.448921 8.110274 -0.887294
18.465378 4.329244 -2.091811
18.481823 0.767738 -1.506648
18.498196 -1.538894 -0.331363
18.514624 -0.088865 0.498143
18.531038 0.032162 1.171216
18.547511 -0.472982 0.708458
18.563993 -0.491619 0.383750
18.580384 -0.295179 -0.597379
18.596777 -0.001023 -1.209265
18.613249 0.068305 -1.791261
18.629644 0.283211 -1.101848
18.646045 -0.573645 -0.394487
18.662515 -0.331127 0.359033
18.678942 1.655112 1.204390
18.695376 4.265505 2.220007
18.711879 6.184273 2.469780
18.728215 6.958595 1.278870
18.744625 6.458431 -0.099176
18.761156 4.336833 -0.568041
18.777546 1.549446 -0.098235
18.794067 -0.832038 0.255221
18.810367 -0.967643 0.744618
18.826768 -0.609108 0.553111
18.843296 -0.394597 -0.184764
18.859650 -0.053869 -1.086254
18.876072 0.492437 -1.200050
18.892657 0.467910 -0.840901
18.908901 -0.062485 -0.393107
18.925385 -0.547355 -0.561856
18.941894 -1.066250 -0.758995
18.958284 -0.614316 -0.693142
18.974667 0.228868 -0.538537
18.991088 -0.008966 0.487504
19.007514 1.068639 1.066942
19.023971 2.410178 -0.005223
19.040426 3.122586 -1.374191
19.056852 3.584347 -2.922181
19.073194 3.004686 -3.526708
19.089618 1.931126 -3.327276
19.106049 0.697647 -1.976331
19.122644 -0.788507 -0.233749
19.138887 -1.772021 1.761346
19.155402 -0.065915 1.004920
19.171763 0.817395 -0.970189
19.188243 1.727259 -2.668305
19.204724 2.488046 -4.203733
19.221185 2.078830 -4.481277
19.237517 1.209825 -3.540165
19.253984 0.850025 -1.813214
19.270406 0.252129 -0.270106
19.286823 -0.512438 0.148104
19.303253 -0.123568 -0.605052
19.319651 -0.057634 -0.909715
19.336119 0.129706 0.474380
19.352590 0.097260 -0.242514
19.368887 0.229023 -1.409093
19.385439 0.656262 -2.641653
19.401862 0.640502 -3.602745
19.418266 -0.098744 -3.914031
19.434643 -0.183594 -3.603840
19.451033 0.413835 -1.874148
19.467546 0.523574 -0.224046
19.483964 0.303257 0.854921
19.500402 0.215051 -0.327640
19.516780 0.355527 0.083851
19.533263 0.282124 0.150795
19.549666 0.711023 0.142528
19.566121 0.362089 -0.218592
19.582492 0.161650 -0.339151
19.599003 -2.071012 0.225102
19.615403 -4.590217 0.298113
19.631791 -6.026029 0.551646
19.648277 -5.982247 0.131279
19.664708 -4.761488 -0.188575
19.681081 -2.513535 -0.579585
19.697514 -0.551490 -0.854563
19.713892 -0.087923 -1.566742
19.730368 0.158339 -2.091256
19.746860 -1.059441 -2.257814
19.763305 -0.576766 -2.159510
19.779678 -0.015461 -1.609045
19.796052 1.216653 -1.920890
19.812512 0.872950 0.255314
19.828946 0.162155 2.470874
19.845339 -1.738777 4.966482
19.861741 -3.883058 6.515991
19.878270 -5.381577 6.675488
19.894649 -5.417953 5.556637
19.911092 -4.072999 3.218409
19.927666 -2.088803 0.746660
19.943976 -0.381074 -1.624380
19.960524 0.180195 -1.503891
19.976837 1.258397 -1.414687
19.993197 0.235339 0.246651
20.009616 0.133179 1.300839
20.026093 0.585075 1.521046
20.042512 1.525029 1.964785
20.058956 2.021534 1.847981
20.075339 1.765206 0.930966
20.091791 1.563934 0.104183
20.108292 0.960830 0.569039
20.124696 1.018102 1.543173
20.141024 -0.051710 1.378743
20.157438 -2.399810 2.016194
20.173895 -5.791520 3.003272
20.190398 -8.032855 4.122254
20.206822 -9.171947 3.825404
20.223195 -7.982528 3.111719
20.239618 -5.935356 1.936534
20.256086 -2.958042 0.422127
20.272416 -0.062004 -0.546910
20.288897 0.495652 -2.525716
20.305378 0.063247 -1.987203
20.321749 0.409955 -1.402938
20.338324 0.486017 -0.717101
20.354624 0.166382 -0.207928
20.371047 -0.100716 0.115072
20.387503 -0.586708 0.338807
20.403977 0.327785 0.805661
20.420319 1.134065 0.709557
20.436787 1.098913 0.031585
20.453166 0.438285 0.541357
20.469737 -0.214995 0.071261
20.486074 -0.753530 -0.390568
20.502518 -0.946871 -0.782506
20.518979 -0.859914 -1.154988
20.535315 -0.111517 -0.351800
20.551793 0.540148 0.113927
20.568298 0.393854 0.281822
20.584633 -0.090161 -0.107424
20.601135 -0.470114 -0.416261
20.617474 -1.144426 -0.219779
20.633919 -1.036754 -0.354390
20.650367 -1.020635 -0.805952
20.666826 -1.053085 -0.648243
20.683216 -0.822494 -0.011287
20.699623 -0.679411 -0.488998
20.716039 -0.236992 -0.879630
20.732452 4.315819 3.497700
20.748993 1.137499 0.406992
20.765339 -4.971830 -6.353943
20.781796 -10.926373 -13.156265
20.798182 -15.171829 -16.836480
