0.000000 4.565000
0.016388 4.574992
0.032814 4.584987
0.049302 4.594987
0.065663 4.604994
0.082043 4.615011
0.098516 4.625039
0.114891 4.635082
0.131393 4.645141
0.147882 4.655218
0.164206 4.665314
0.180653 4.675432
0.197114 4.685573
0.213495 4.695737
0.229888 4.705925
0.246493 4.716137
0.262813 4.726375
0.279146 4.736636
0.295669 4.746921
0.312066 4.757228
0.328456 4.767556
0.344865 4.777901
0.361353 4.788263
0.377719 4.798637
0.394316 4.809021
0.410742 4.819410
0.427151 4.829799
0.443498 4.840185
0.459905 4.850563
0.476331 4.860925
0.492833 4.871268
0.509301 4.881583
0.525652 4.891866
0.542094 4.902109
0.558603 4.912306
0.575098 4.922448
0.591476 4.932530
0.607800 4.942544
0.624199 4.952483
0.640692 4.962340
0.657039 4.972107
0.673492 4.981779
0.689988 4.991349
0.706382 5.000811
0.722833 5.010159
0.739246 5.019388
0.755660 5.028491
0.772064 5.037466
0.788584 5.046307
0.804949 5.055011
0.821360 5.063574
0.837817 5.071993
0.854210 5.080266
0.870731 5.088390
0.887012 5.096365
0.903490 5.104188
0.919889 5.111858
0.936295 5.119376
0.952788 5.126741
0.969295 5.133953
0.985636 5.141013
1.002102 5.147921
1.018671 5.154679
1.034966 5.161287
1.051386 5.167748
1.067819 5.174062
1.084148 5.180231
1.100615 5.186258
1.117121 5.192144
1.133430 5.197891
1.150070 5.203501
1.166451 5.208976
1.182743 5.214317
1.199215 5.219528
1.215627 5.224610
1.232088 5.229564
1.248524 5.234392
1.264894 5.239096
1.281484 5.243678
1.297738 5.248138
1.314317 5.252477
1.330580 5.256698
1.347058 5.260800
1.363601 5.264785
1.379880 5.268652
1.396299 5.272404
1.412817 5.276038
1.429286 5.279557
1.445621 5.282959
1.462225 5.286245
1.478561 5.289413
1.494920 5.292462
1.511341 5.295393
1.527799 5.298202
1.544230 5.300890
1.560594 5.303454
1.577062 5.305892
1.593613 5.308202
1.609943 5.310381
1.626412 5.312428
1.642842 5.314339
1.659240 5.316112
1.675602 5.317744
1.692087 5.319232
1.708533 5.320573
1.724885 5.321764
1.741329 5.322802
1.757771 5.323685
1.774155 5.324409
1.790573 5.324971
1.807037 5.325369
1.823592 5.325600
1.839880 5.325662
1.856359 5.325552
1.872744 5.325269
1.889193 5.324810
1.905668 5.324174
1.922031 5.323359
1.938436 5.322364
1.954945 5.321189
1.971336 5.319832
1.987691 5.318293
2.004206 5.316571
2.020665 5.314667
2.036985 5.312581
2.053592 5.310312
2.069811 5.307863
2.086359 5.305234
2.102811 5.302425
2.119205 5.299439
2.135555 5.296278
2.152016 5.292943
2.168527 5.289436
2.184964 5.285761
2.201277 5.281920
2.217868 5.277917
2.234198 5.273755
2.497049 5.269438
2.513513 5.264969
2.529873 5.260355
2.546295 5.255599
2.562788 5.250706
2.579194 5.245683
2.595698 5.240533
2.612146 5.235264
2.628515 5.229881
2.644880 5.224391
2.661287 5.218800
2.677722 5.213114
2.694194 5.207340
2.710606 5.201485
2.727103 5.195556
2.743458 5.189559
2.759831 5.183503
2.776304 5.177394
2.792709 5.171239
2.809225 5.165045
2.825628 5.158820
2.841982 5.152570
2.858489 5.146303
2.874889 5.140025
2.891311 5.133745
2.907763 5.127467
2.924134 5.121199
2.940654 5.114947
2.957045 5.108718
2.973517 5.102517
2.989886 5.096351
3.006324 5.090225
3.022684 5.084144
3.039208 5.078114
3.055617 5.072140
3.072020 5.066226
3.088465 5.060376
3.104882 5.054596
3.121303 5.048888
3.137722 5.043256
3.154313 5.037704
3.170665 5.032234
3.186983 5.026850
3.203445 5.021553
3.219843 5.016347
3.236377 5.011233
3.252755 5.006213
3.269229 5.001288
3.285579 4.996459
3.302014 4.991729
3.318570 4.987097
3.334959 4.982565
3.351355 4.978132
3.367664 4.973800
3.384103 4.969568
3.400634 4.965438
3.416997 4.961408
3.433435 4.957479
3.449921 4.953650
3.466302 4.949923
3.482770 4.946295
3.499335 4.942768
3.515560 4.939341
3.532007 4.936014
3.548540 4.932786
3.564856 4.929658
3.581306 4.926629
3.597704 4.923699
3.614104 4.920869
3.630607 4.918137
3.647003 4.915504
3.663435 4.912970
3.680022 4.910534
3.696302 4.908198
3.712711 4.905962
3.729355 4.903824
3.745634 4.901785
3.762102 4.899846
3.778414 4.898006
3.794846 4.896265
3.811366 4.894624
3.827675 4.893081
3.844174 4.891636
3.860572 4.890290
3.877057 4.889040
3.893449 4.887887
3.909877 4.886830
3.926436 4.885867
3.942671 4.884998
3.959104 4.884220
3.975566 4.883532
3.992068 4.882933
4.008507 4.882421
4.024928 4.881992
4.041402 4.881646
4.057700 4.881380
4.074099 4.881192
4.090716 4.881077
4.106986 4.881035
4.123406 4.881061
4.139915 4.881153
4.156315 4.881306
4.172847 4.881519
4.189178 4.881787
4.205556 4.882106
4.222053 4.882472
4.238502 4.882882
4.254905 4.883330
4.271297 4.883813
4.287676 4.884326
4.304175 4.884864
4.320552 4.885422
4.337052 4.885995
4.353443 4.886577
4.369825 4.887164
4.386275 4.887749
4.402714 4.888327
4.419182 4.888893
4.435688 4.889440
4.451974 4.889963
4.468388 4.890456
4.484805 4.890914
4.501311 4.891329
4.517779 4.891697
4.698469 4.892013
4.961350 4.892270
4.977710 4.892464
4.994118 4.892591
5.010574 4.892645
5.027003 4.892623
5.043515 4.892521
5.059851 4.892338
5.076285 4.892071
5.092761 4.891717
5.109156 4.891278
5.125591 4.890752
5.142053 4.890141
5.158490 4.889445
5.174797 4.888667
5.191297 4.887810
5.207814 4.886876
5.224151 4.885871
5.240686 4.884798
5.257032 4.883663
5.273459 4.882470
5.289834 4.881226
5.306318 4.879936
5.322803 4.878607
5.339095 4.877244
5.355555 4.875855
5.371992 4.874445
5.388405 4.873021
5.404807 4.871588
5.421262 4.870154
5.437721 4.868724
5.454160 4.867303
5.470534 4.865898
5.486972 4.864514
5.503387 4.863154
5.519906 4.861825
5.536300 4.860530
5.552740 4.859272
5.569150 4.858057
5.585705 4.856886
5.602058 4.855764
5.618397 4.854691
5.634824 4.853671
5.651299 4.852706
5.667700 4.851797
5.684119 4.850946
5.700531 4.850154
5.716927 4.849422
5.733470 4.848751
6.029174 4.848140
6.045530 4.847592
6.062005 4.847105
6.078484 4.846680
6.094906 4.846318
6.111210 4.846019
6.127676 4.845782
6.144196 4.845608
6.160556 4.845497
6.177005 4.845450
6.193442 4.845466
6.209955 4.845547
6.226334 4.845694
6.242707 4.845906
6.259197 4.846185
6.275547 4.846531
6.291924 4.846947
6.308400 4.847433
6.324813 4.847990
6.341326 4.848619
6.357708 4.849323
6.374169 4.850102
6.390642 4.850959
6.407067 4.851893
6.423459 4.852908
6.439883 4.854003
6.456314 4.855181
6.472666 4.856441
6.489092 4.857787
6.505629 4.859217
6.521948 4.860733
6.538401 4.862336
6.554898 4.864026
6.571332 4.865803
6.587810 4.867667
6.604034 4.869619
6.620471 4.871659
6.636927 4.873785
6.653407 4.875998
6.669879 4.878298
6.949053 4.880683
6.965544 4.883154
6.982007 4.885708
6.998437 4.888347
7.014824 4.891070
7.031317 4.893875
7.047618 4.896764
7.064108 4.899735
7.080531 4.902790
7.096972 4.905928
7.113426 4.909151
7.129801 4.912458
7.146264 4.915852
7.162697 4.919333
7.179136 4.922903
7.195589 4.926564
7.211987 4.930316
7.228459 4.934163
7.244828 4.938105
7.261395 4.942145
7.277683 4.946283
7.294114 4.950523
7.310566 4.954864
7.326908 4.959309
7.343384 4.963858
7.359855 4.968513
7.376267 4.973272
7.392690 4.978137
7.409160 4.983107
7.425624 4.988181
7.441920 4.993358
7.458382 4.998635
7.474809 5.004011
7.491232 5.009483
7.507655 5.015047
7.524153 5.020700
7.540543 5.026437
7.556923 5.032252
7.573438 5.038142
7.589890 5.044100
7.606302 5.050120
7.622769 5.056195
7.639084 5.062318
7.655572 5.068482
7.671905 5.074679
7.688438 5.080901
7.704880 5.087141
7.721222 5.093389
7.737604 5.099637
7.754080 5.105876
7.770608 5.112097
7.786965 5.118292
7.803401 5.124450
7.819931 5.130562
7.836348 5.136619
7.852792 5.142612
7.869268 5.148532
7.885536 5.154368
7.901928 5.160112
7.918351 5.165755
7.934815 5.171287
7.951260 5.176699
7.967686 5.181983
7.984029 5.187130
8.000480 5.192130
8.016941 5.196975
8.033353 5.201658
8.049917 5.206168
8.066212 5.210499
8.082710 5.214642
8.099080 5.218589
8.115486 5.222333
8.131918 5.225865
8.148450 5.229179
8.164814 5.232268
8.181283 5.235125
8.197637 5.237743
8.214175 5.240117
8.230556 5.242240
8.246934 5.244107
8.263305 5.245714
8.279789 5.247056
8.296219 5.248129
8.312677 5.248930
8.329129 5.249455
8.345486 5.249703
8.361928 5.249671
8.378405 5.249359
8.394810 5.248766
8.411386 5.247893
8.427610 5.246741
8.444063 5.245311
8.460518 5.243605
8.477015 5.241628
8.493280 5.239384
8.509829 5.236876
8.526373 5.234112
8.542584 5.231097
8.559032 5.227839
8.575519 5.224347
8.591883 5.220629
8.608508 5.216696
8.624780 5.212559
8.641168 5.208229
8.657676 5.203719
8.674090 5.199042
8.690454 5.194213
8.706921 5.189247
8.723325 5.184159
8.739773 5.178965
8.756200 5.173682
8.772597 5.168328
8.789063 5.162920
8.805567 5.157477
8.821993 5.152018
8.838420 5.146561
8.854853 5.141125
8.871217 5.135730
8.887720 5.130395
8.904039 5.125140
8.920589 5.119982
8.937035 5.114942
8.953356 5.110037
8.969866 5.105286
8.986188 5.100706
9.002645 5.096314
9.019059 5.092126
9.035592 5.088158
9.051917 5.084425
9.068396 5.080940
9.084713 5.077717
9.101155 5.074767
9.117754 5.072101
9.134097 5.069729
9.150544 5.067660
9.167027 5.065901
9.183353 5.064458
9.199790 5.063336
9.216226 5.062540
9.232681 5.062071
9.249067 5.061932
9.265475 5.062123
9.281932 5.062643
9.298328 5.063489
9.314841 5.064660
9.331315 5.066150
9.347657 5.067954
9.364038 5.070068
9.380455 5.072484
9.396899 5.075195
9.413376 5.078191
9.429832 5.081466
9.446284 5.085008
9.462735 5.088809
9.479119 5.092858
9.495636 5.097144
9.512005 5.101657
9.528434 5.106386
9.544826 5.111320
9.561214 5.116447
9.577689 5.121756
9.594115 5.127236
9.610482 5.132875
9.626930 5.138663
9.643348 5.144588
9.659839 5.150640
9.676209 5.156807
9.692652 5.163080
9.709140 5.169449
9.725553 5.175902
9.741988 5.182432
9.758351 5.189028
9.774783 5.195681
9.791249 5.202384
9.807653 5.209127
9.824028 5.215902
9.840529 5.222703
9.856869 5.229521
9.873320 5.236350
9.889800 5.243182
9.906173 5.250013
9.922608 5.256835
9.939109 5.263642
9.955480 5.270429
9.971923 5.277191
9.988356 5.283923
10.004773 5.290618
10.021264 5.297274
10.037622 5.303885
10.053977 5.310447
10.070547 5.316955
10.086850 5.323406
10.103353 5.329796
10.119751 5.336122
10.382763 5.342379
10.399048 5.348566
10.415434 5.354679
10.431940 5.360716
10.448414 5.366675
10.464815 5.372554
10.481185 5.378353
10.497580 5.384070
10.514191 5.389705
10.530542 5.395259
10.546893 5.400733
10.563405 5.406128
10.579810 5.411446
10.596212 5.416690
10.612573 5.421862
10.629055 5.426966
10.645499 5.432006
10.661974 5.436986
10.678373 5.441911
10.694811 5.446785
10.711159 5.451616
10.727604 5.456407
10.744087 5.461165
10.760514 5.465898
10.776908 5.470610
10.793282 5.475308
10.809806 5.480000
