0.000000 20.906355 10.228747
0.016424 15.970579 8.638520
0.032819 7.861855 5.926481
0.049197 -0.780185 1.190381
0.065738 -5.581384 -1.349880
0.082046 -0.796357 0.934478
0.098607 -0.811946 0.797312
0.114964 -0.705801 -0.034377
0.131388 -0.963882 -0.926205
0.147855 -0.772140 -2.135211
0.164182 0.063203 -1.939123
0.180557 1.102925 -1.302075
0.197209 1.828217 -0.411376
0.213440 2.172152 1.773435
0.229952 3.624434 1.272031
0.246297 1.344167 1.743885
0.262779 -2.482953 3.379633
0.279211 -5.569813 4.628449
0.295689 -6.841111 5.533957
0.312069 -6.842356 6.228711
0.328565 -5.680440 5.434537
0.344857 -3.505911 3.197986
0.361382 -1.009660 0.254992
0.377698 0.513577 -1.956033
0.394234 -0.827398 -1.055474
0.410602 -0.112768 -0.739999
0.427257 -2.772305 0.189819
0.443477 -0.332445 0.031366
0.459902 5.870386 -0.367402
0.476300 12.454495 -0.676887
0.492785 16.559085 -1.332511
0.509232 16.465040 -1.359474
0.525606 12.202434 -0.339408
0.542077 5.594061 0.991059
0.558502 -1.061742 1.527335
0.574931 -4.960096 1.173963
0.591369 -1.294319 0.124061
0.607731 0.525516 0.064496
0.624227 1.342922 -0.401502
0.640588 1.615176 -0.277275
0.657053 0.164855 -0.211872
0.673496 -1.636216 -0.633666
0.689924 -2.813521 -1.370836
0.706437 -3.148454 -1.728808
0.722863 -2.507850 -1.779670
0.739170 -1.408005 -0.977952
0.755713 -0.413269 -0.301928
0.772114 0.419288 0.276998
0.788577 0.517989 0.994334
0.804856 -0.232734 0.682678
0.821325 -0.070642 0.681638
0.837752 0.462290 0.544297
0.854227 0.443674 0.208125
0.870599 -0.258436 -0.146440
0.887077 -0.764609 -0.172008
0.903436 -0.819253 -0.288495
0.919928 -0.735453 -0.177834
0.936350 -0.023812 -0.232184
0.952803 0.502206 -0.397219
0.969229 0.572387 -0.197072
0.985651 0.470633 -0.605297
1.002120 0.082506 -0.914232
1.018549 0.185279 -0.778220
1.034977 0.413624 -0.967927
1.051394 -0.035085 -0.150634
1.067814 -0.425141 1.704907
1.084258 -0.725230 1.908410
1.100666 -1.423670 2.095267
1.117104 -2.071668 1.354979
1.133579 -1.503712 0.469916
1.149981 -0.597147 -0.141684
1.166448 0.453745 -0.304097
1.182852 1.192405 -1.280130
1.199251 1.414381 -1.185539
1.215677 1.201622 -1.595364
1.232099 0.558420 -2.800790
1.248547 -0.418411 -2.074482
1.264983 -0.883184 -1.244734
1.281455 -1.047532 0.579304
1.297824 -1.003904 1.712201
1.314283 -0.716085 1.964311
1.330667 -0.019989 1.404063
1.347190 0.608696 1.202464
1.363549 1.328700 0.427963
1.379955 1.558684 -0.452689
1.396395 1.104036 -0.961767
1.412808 0.509083 -1.390668
1.429255 -0.311659 -1.176700
1.445628 -0.537199 -1.267040
1.462107 -0.781965 -0.963340
1.478499 -0.597871 -0.651377
1.494999 -0.465245 -0.659627
1.511389 -0.151183 -0.647648
1.527890 -0.165429 -0.582414
1.544228 -0.194942 -0.083517
1.560678 -0.470442 0.750044
1.577134 -0.301946 1.686401
1.593499 -0.021107 1.658184
1.609957 0.579704 2.026618
1.626351 0.332523 0.365103
1.642790 -0.247686 -1.964084
1.659264 -1.330132 -3.768576
1.675710 -1.460959 -4.331652
1.692127 -0.989532 -3.711546
1.708557 -0.000132 -2.501022
1.724995 0.810403 -0.943791
1.741373 1.144383 0.434820
1.757827 1.360030 1.359573
1.774331 0.127119 0.695798
1.790727 -0.319248 0.677535
1.807112 -0.178779 -0.102415
1.823548 0.357071 0.297047
1.839978 0.316519 1.107456
1.856362 0.295772 1.814121
1.872812 0.449284 2.360611
1.889228 0.586929 2.569550
1.905647 0.298930 2.256149
1.922097 -0.677557 1.362216
1.938520 -0.935930 0.116408
1.954908 -1.236872 -0.605527
1.971355 -1.482404 -0.143966
1.987855 -1.080734 -0.243404
2.004249 -1.088170 -0.012833
2.020630 -0.054144 0.689750
2.037048 0.845916 0.346659
2.053520 2.078075 -0.613171
2.069987 2.244915 -1.532931
2.086352 1.520444 -1.989085
2.102781 0.048852 -2.084496
2.119310 -1.586076 -0.741038
2.135678 -2.353481 0.604792
2.152058 -2.303443 0.980953
2.168491 -0.323513 1.019121
2.184911 0.975609 0.485988
2.201358 1.657015 0.277169
2.217803 1.676652 0.439245
2.234236 0.960188 -0.041822
2.250692 -0.058711 -1.141025
2.267058 -0.399024 -0.937968
2.283530 -0.356786 -1.498157
2.299927 -0.091832 -1.236274
2.316419 0.382674 -0.161563
2.332802 0.137524 0.696278
2.349265 -0.190601 1.025251
2.365692 -0.393483 1.312542
2.382078 -0.748461 0.516173
2.398491 -0.489437 -0.190257
2.415024 0.259730 0.632841
2.431355 0.722270 0.346890
2.447778 1.093933 0.086583
2.464296 0.964208 0.248136
2.480637 0.593385 0.383207
2.497080 0.175952 0.408952
2.513498 0.104432 0.675337
2.529932 0.096024 0.333960
2.546307 -0.044495 0.443185
2.562829 0.336789 0.702902
2.579241 0.311845 -0.294224
2.595662 -0.197077 -0.976839
2.612080 -0.564562 -0.801349
2.628500 -0.816886 -1.006070
2.644940 -1.002227 -0.940635
2.661350 -0.614054 -0.286194
2.677873 0.101806 -0.181763
2.694172 1.105955 -0.428883
2.710664 1.755284 -1.242483
2.726987 0.827805 -1.753807
2.743498 -0.543322 -1.695898
2.759877 -1.219335 -1.002896
2.776353 -1.374984 -0.334049
2.792826 -0.811788 0.734585
2.809185 0.189414 1.341152
2.825684 1.113279 1.217590
2.842078 1.812431 1.046074
2.858496 0.938040 0.262259
2.874932 -0.303706 -0.284393
2.891402 -0.803497 -0.548402
2.907792 -0.681409 -1.178534
2.924176 -0.557009 -1.166255
2.940618 -0.376223 -0.587211
2.957023 -0.179042 0.402851
2.973497 0.266313 1.258555
2.989938 0.446333 0.660055
3.006360 0.492904 0.928369
3.022819 0.466153 2.132239
3.039280 -0.208913 2.837600
3.055663 -0.576878 3.298893
3.072039 -0.741099 4.003118
3.088507 -0.807980 3.774757
3.104920 -0.880447 2.225266
3.121368 -0.392851 0.237175
3.137751 0.140198 -1.006133
3.154148 0.386652 -0.653337
3.170609 0.298665 -0.591995
3.187077 0.808727 -0.198229
3.203441 1.069738 0.296248
3.219865 0.536211 0.595545
3.236299 0.181878 0.832411
3.252735 -0.527553 0.349524
3.269251 -0.917559 0.269890
3.285670 0.826045 -0.241000
3.302050 -1.719442 -0.263165
3.318499 -4.615953 0.680242
3.334953 -6.708374 1.721842
3.351351 -7.950052 2.258064
3.367791 -7.840908 2.689881
3.384141 -6.770946 2.178547
3.400619 -4.017896 1.497420
3.417035 -0.805012 0.473379
3.433416 1.029413 -0.461826
3.449893 -1.452010 -1.038197
3.466282 0.054109 -1.030497
3.482762 1.801376 -0.897949
3.499145 1.729614 -0.276922
3.515624 0.956492 0.431232
3.531998 -0.078831 0.571840
3.548517 -0.046184 0.909870
3.564871 -1.013138 0.654493
3.581402 -1.791871 0.602058
3.597747 -2.061908 0.302462
3.614099 -0.350065 0.416258
3.630713 1.160909 0.570698
3.646901 1.322093 -0.152446
3.663400 1.253734 -0.669512
3.679854 0.374649 0.061795
3.696271 0.177662 0.158373
3.712746 -0.715095 -0.576322
3.729109 -1.193134 -1.448947
3.745518 -0.728575 -2.457483
3.762042 0.254515 -2.925616
3.778479 0.888670 -2.750743
3.794806 0.552710 -2.242034
3.811388 -0.344550 -0.367164
3.827711 -1.219278 1.022119
3.844062 -1.254766 0.259679
3.860568 -1.349632 0.188789
3.877101 -0.971912 0.354057
3.893534 0.552350 0.189669
3.909998 1.459730 0.259539
3.926247 0.897977 0.572185
3.942728 0.683093 0.432684
3.959132 1.325349 -0.160314
3.975618 2.465158 -1.111491
3.992126 3.607520 -2.319931
4.008371 4.114215 -1.754534
4.024874 3.934203 -0.715747
4.041372 2.897571 0.157999
4.057713 0.779210 1.215718
4.074064 -0.547846 2.212350
4.090567 -0.754949 0.070761
4.106996 -0.058388 -0.207867
4.123428 1.259123 0.443006
4.140009 1.870742 1.902068
4.156251 2.109358 3.536478
4.172646 1.666169 3.972334
4.189277 1.042083 3.605195
4.205677 0.152414 2.661210
4.222000 -0.591792 0.982403
4.238372 -1.045088 -0.642520
4.254872 -0.393352 0.580538
4.271227 -0.533878 0.531270
4.287731 -1.080484 0.560847
4.304121 -0.947102 0.126874
4.320537 -0.973430 -0.261395
4.337006 -0.405634 -0.502121
4.353394 -0.075077 -0.627548
4.369849 0.373323 -0.437738
4.386379 0.530888 -0.148619
4.402643 0.585533 0.133692
4.419169 0.305218 0.499785
4.435540 0.374478 0.506798
4.452030 0.032072 0.412852
4.468438 -0.359236 0.314680
4.485006 -0.295435 0.176073
4.501268 -0.354580 0.162307
4.517719 -0.395353 -0.081304
4.534183 -0.522765 0.725695
4.550496 0.321979 0.206982
4.567064 1.877253 -1.152556
4.583397 3.107937 -2.516289
4.599873 2.160057 -3.362463
4.616246 0.299241 -3.795814
4.632758 -1.184452 -3.110402
4.649121 -1.884839 -1.597029
4.665586 -1.978037 0.186430
4.681964 -0.595262 1.612870
4.698438 1.705145 1.045220
4.714935 3.194992 0.984210
4.731300 2.592924 0.748188
4.747662 0.930453 0.262040
4.764199 0.010946 0.016800
4.780519 -0.791294 -0.005242
4.796974 -1.450619 -0.139450
4.813436 -2.070921 -0.321905
4.829810 -0.948363 -0.365634
4.846444 0.107988 -0.359553
4.862641 0.879821 -0.075181
4.879087 1.095338 0.137443
4.895522 0.850380 0.313348
4.912049 -0.110638 0.286727
4.928401 -1.128947 0.501811
4.944884 -1.590480 0.544299
4.961272 -2.662607 1.533430
4.977723 -1.637530 0.160973
4.994062 0.820723 -2.689904
5.010494 4.127697 -5.495060
5.026995 5.862389 -6.895610
5.043370 5.868570 -6.665284
5.059916 4.880771 -4.899788
5.076206 3.014778 -2.041260
5.092723 0.177165 0.455360
5.109127 -1.568728 1.775867
5.125595 -1.565306 0.237502
5.141924 -0.580533 -0.429277
5.158352 0.309237 -0.465852
5.174955 0.112328 -0.380579
5.191280 0.284920 -0.590708
5.207676 0.378285 -0.564212
5.224174 -0.102679 -0.451908
5.240582 -0.512695 -0.375115
5.256921 -0.028658 -0.425606
5.273355 -0.600745 -0.509352
5.289812 -0.143195 -0.258275
5.306246 -0.476257 0.320985
5.322783 -0.685783 0.260391
5.339144 -0.362206 0.204212
5.355544 -0.052655 -0.008104
5.372041 1.335743 -0.299068
5.388452 0.319039 0.605695
5.404789 -1.740841 1.340681
5.421322 -5.813556 2.490987
5.437761 -8.027535 3.863455
5.454196 -8.731305 4.253233
5.470594 -7.400721 3.801478
5.486919 -5.264609 2.866405
5.503394 -2.296747 0.295008
5.519847 0.133333 0.888848
5.536186 -0.312657 3.088157
5.552722 -0.362634 4.666912
5.569076 -0.696711 6.189364
5.585560 -0.077604 6.265019
5.601938 0.468406 4.775714
5.618416 0.484236 2.483091
5.634767 0.229828 -0.092117
5.651262 -0.184263 -1.384776
5.667621 -0.402599 0.000000
5.684224 -0.896039 0.000000
5.700496 -1.012327 0.000000
5.716892 -0.147290 0.000000
5.733403 0.114081 0.000000
5.749852 0.342289 0.000000
5.766299 0.518143 0.000000
5.782643 0.792410 0.000000
5.799216 0.802254 0.000000
5.815518 1.342615 0.000000
5.831894 0.961603 0.000000
5.848376 0.200806 0.000000
5.864767 -0.486135 0.000000
5.881246 -0.313241 0.000000
5.897726 0.981809 0.000000
5.914016 2.006606 0.000000
5.930496 1.811485 0.000000
5.947000 0.640995 0.000000
5.963370 0.355435 0.000000
5.979772 -1.240709 0.000000
5.996270 -2.904136 0.000000
6.012743 -2.525263 0.000000
6.029102 -0.333279 0.000000
6.045474 1.830108 0.000000
6.061976 2.245368 0.000000
6.078394 1.669357 0.000000
6.094745 0.369636 0.000000
6.111186 0.111511 0.000000
6.127643 -1.443474 0.000000
6.144056 -2.105898 0.000000
6.160545 -0.207694 0.000000
6.176926 0.857118 0.000000
6.193565 0.378834 0.000000
6.209871 -0.148363 1.313815
6.226224 0.651381 0.025803
6.242629 1.734924 -1.506571
6.259055 3.530333 -4.596347
6.275517 4.182511 -7.140752
6.291999 4.822861 -8.120058
6.308340 4.583369 -7.664607
6.324835 2.078933 -5.875095
6.341262 -0.262770 -3.604452
6.357625 -0.961557 -1.410980
6.374065 -1.136498 -1.488398
6.390519 -1.842254 0.606864
6.406935 0.104660 -0.158794
6.423369 2.646300 -1.026100
6.439767 4.759339 -2.375656
6.456257 4.761161 -3.270323
6.472808 3.935752 -3.286582
6.489040 3.044087 -2.665700
6.505524 1.191237 -0.948167
6.521974 -0.450659 0.664272
6.538352 -1.195606 1.788977
6.554768 -0.218353 0.479984
6.571213 -0.084180 -0.090564
6.587700 0.048260 -0.379265
6.604120 -0.232418 0.065794
6.620519 -0.095824 0.025446
6.637014 -0.614427 -0.080228
6.653398 -1.232822 0.259737
6.669720 -0.448152 0.127773
6.686319 0.394660 -0.462909
6.702821 0.702473 -0.864979
6.719170 0.989930 -0.649303
6.735650 1.041632 -0.583716
6.751949 0.464123 0.244744
6.768342 -0.249066 0.884237
6.784724 -0.815706 1.911782
6.801257 -0.722363 2.153237
6.817642 -0.386077 1.321805
6.834065 -0.051459 0.171014
6.850532 -0.108358 -0.354333
6.866998 0.013702 -0.654468
6.883383 -0.153762 -0.561373
6.899820 -0.086393 0.395595
6.916232 -0.305564 0.816931
6.932622 -0.782173 0.588704
6.949119 -0.647607 0.087228
6.965477 -0.098753 -0.631465
6.981936 0.537677 -1.069890
6.998366 1.044979 -0.779203
7.014853 0.863806 -0.136395
7.031226 0.335508 0.897325
7.047620 -0.584205 0.922834
7.064034 -1.727281 0.882138
7.080495 -2.203508 1.039740
7.096876 -1.277700 0.684353
7.113323 0.178381 -0.341915
7.129828 1.658795 -1.570088
7.146216 2.026105 -0.853473
7.162622 1.526566 0.755387
7.179097 0.893339 2.132411
7.195484 0.434529 2.840107
7.212007 -0.149182 4.015604
7.228357 -0.794934 3.947769
7.244787 -0.909808 2.623600
7.261176 -0.370032 0.851410
7.277601 0.714501 -0.658842
7.294037 0.516571 -0.462229
7.310498 0.637213 -1.001142
7.326972 0.557850 -1.305511
7.343468 0.254292 -1.077651
7.359800 -0.181584 -0.671087
7.376248 0.387964 -0.548771
7.392676 0.369789 -0.706226
7.409117 0.801785 -0.636828
7.425522 0.515848 -0.097197
7.442038 -0.332178 0.515828
7.458434 -0.191717 0.670879
7.474828 0.306931 0.769816
7.491273 -0.134789 0.491078
7.507697 -0.070891 0.037876
7.524140 -0.109459 -0.553568
7.540572 -0.694822 -0.592515
7.556979 -0.495810 -0.094437
7.573439 -0.792045 0.448006
7.589801 -0.506036 0.819964
7.606276 -0.112396 1.321730
7.622701 0.794765 1.494822
7.639108 0.288018 1.406146
7.655545 -0.487629 1.820764
7.671995 -2.074236 2.021008
7.688408 -3.723512 2.690592
7.704850 -4.566823 2.610037
7.721173 -4.364489 2.098664
7.737628 -2.691402 1.310541
7.754102 -0.643942 0.445286
7.770495 1.331449 -0.057289
7.786989 1.236690 -0.995280
7.803362 0.463118 -1.363669
7.819724 -0.444920 -1.858590
7.836235 -1.061560 -1.255011
7.852676 -1.267544 -0.912708
7.869027 -0.910763 -0.344311
7.885520 -0.253084 0.394597
7.901969 0.438042 0.906688
7.918306 1.264590 0.176151
7.934822 -0.126453 0.017476
7.951251 -1.042117 0.843236
7.967646 -1.271963 1.228431
7.984120 -1.074603 2.110649
8.000614 -0.577441 2.264193
8.016895 0.430768 2.072927
8.033321 0.924270 2.185321
8.049806 0.882947 1.283656
8.066214 -0.144495 0.216511
8.082710 -1.642772 0.023698
8.099160 -1.093900 -0.667447
8.115435 -0.505882 -0.458837
8.131925 0.364634 -0.428697
8.148325 1.380316 -0.073705
8.164789 1.627666 0.466278
8.181231 1.197853 1.343169
8.197571 0.209207 0.911897
8.214076 -1.125137 0.340713
8.230439 -0.743914 0.721281
8.246986 -0.203395 0.567771
8.263384 -0.015225 -0.193646
8.279771 0.388830 -1.614868
8.296194 0.725737 -1.324604
8.312657 0.897765 -0.799965
8.329073 0.956192 -0.119446
8.345473 0.301334 0.478478
8.361956 0.081351 1.517640
8.378321 0.101571 2.233348
8.394778 -0.416381 1.183981
8.411171 1.419441 0.316482
8.427600 0.290138 -1.298028
8.444098 -2.613618 -1.582058
8.460561 -5.688586 -1.261960
8.476952 -7.295860 -1.179371
8.493304 -7.331601 -0.438449
8.509834 -5.199493 0.615787
8.526149 -2.642980 0.404137
8.542609 0.643543 -0.025273
8.559076 2.541963 -0.551869
8.575507 0.316326 -0.844011
8.591940 -0.200193 0.040637
8.608271 -0.256353 0.382076
8.624775 -0.089366 0.381494
8.641358 -0.007787 1.151529
8.657633 0.077370 1.652396
8.674072 -0.109247 0.890541
8.690509 0.117481 0.333878
8.706950 -0.619616 0.488485
8.723270 -0.615273 -0.821153
8.739735 0.158960 -2.874237
8.756126 0.667879 -4.415574
8.772684 1.557279 -5.117728
8.789025 1.807901 -4.877346
8.805531 0.840210 -4.187516
8.821911 0.161721 -3.081582
8.838354 -0.682532 -1.031864
8.854855 -1.025026 0.820605
8.871264 -0.249586 0.883422
8.887639 0.038647 0.876290
8.904049 -2.115307 0.841171
8.920552 0.952977 -1.880639
8.936955 4.244560 -3.473450
8.953404 6.814866 -3.727911
8.969780 9.361658 -2.928185
8.986224 9.639373 -1.089311
9.002714 8.639706 1.125518
9.019107 5.161683 2.142714
9.035497 1.010580 2.034217
9.051974 -1.688427 1.426720
9.068414 0.130013 -0.060900
9.084749 -1.260156 0.244822
9.101229 -1.333651 -0.351986
9.117674 -0.321478 -0.770079
9.134107 -0.065120 -0.595226
9.150570 -0.353191 -0.595164
9.166933 -0.977797 -1.154089
9.183368 5.472390 3.028447
9.199803 0.021276 0.417245
9.216245 -10.168482 -5.248072
9.232624 -19.991109 -10.977467
9.249081 -25.864205 -14.425401
