0.000000 5.290000
0.016330 5.297584
0.032850 5.305162
0.049360 5.312731
0.065696 5.320284
0.082098 5.327817
0.098614 5.335325
0.114942 5.342803
0.131443 5.350247
0.147865 5.357651
0.164244 5.365011
0.180640 5.372323
0.197099 5.379582
0.213577 5.386784
0.230005 5.393926
0.246369 5.401002
0.262848 5.408008
0.279252 5.414942
0.295787 5.421798
0.312076 5.428573
0.328574 5.435262
0.345056 5.441863
0.361403 5.448370
0.377782 5.454780
0.394225 5.461089
0.410648 5.467294
0.427033 5.473389
0.443617 5.479371
0.459945 5.485235
0.476398 5.490979
0.492785 5.496597
0.509221 5.502085
0.525598 5.507439
0.542078 5.512656
0.558524 5.517731
0.574973 5.522660
0.591369 5.527439
0.607901 5.532066
0.624344 5.536535
0.640627 5.540845
0.657124 5.544991
0.673626 5.548972
0.689974 5.552784
0.706398 5.556427
0.722775 5.559897
0.739181 5.563194
0.755698 5.566317
0.772184 5.569265
0.788538 5.572039
0.805085 5.574639
0.821380 5.577067
0.837756 5.579324
0.854372 5.581412
0.870680 5.583335
0.887077 5.585096
0.903484 5.586700
0.920080 5.588152
0.936392 5.589456
0.952825 5.590619
0.969281 5.591649
0.985772 5.592552
1.002098 5.593336
1.018606 5.594009
1.034990 5.594580
1.051387 5.595057
1.067756 5.595451
1.084266 5.595768
1.100724 5.596020
1.117078 5.596214
1.133432 5.596359
1.149892 5.596465
1.166348 5.596539
1.182788 5.596589
1.199323 5.596621
1.215626 5.596644
1.232180 5.596662
1.248509 5.596681
1.264976 5.596705
1.281378 5.596737
1.297779 5.596779
1.314189 5.596835
1.330693 5.596903
1.347046 5.596984
1.363596 5.597078
1.379977 5.597181
1.396368 5.597291
1.412813 5.597405
1.429225 5.597518
1.445619 5.597627
1.462048 5.597725
1.478443 5.597806
1.494883 5.597866
1.511403 5.597896
1.527759 5.597891
1.544232 5.597843
1.560647 5.597746
1.577118 5.597591
1.593496 5.597373
1.609925 5.597083
1.626502 5.596716
1.642801 5.596264
1.659206 5.595722
1.675666 5.595083
1.692073 5.594342
1.708474 5.593493
1.725010 5.592532
1.741371 5.591454
1.757757 5.590256
1.774232 5.588933
1.790633 5.587485
1.807050 5.585907
1.823505 5.584199
1.840003 5.582359
1.856322 5.580386
1.872810 5.578280
1.889223 5.576042
1.905619 5.573672
1.922083 5.571171
1.938498 5.568541
1.954957 5.565783
1.971351 5.562902
1.987807 5.559898
2.004207 5.556776
2.020706 5.553539
2.037044 5.550191
2.053496 5.546737
2.069871 5.543181
2.086423 5.539527
2.102722 5.535781
2.119223 5.531949
2.135766 5.528035
2.152073 5.524045
2.168472 5.519985
2.184942 5.515862
2.201393 5.511679
2.217774 5.507445
2.234150 5.503164
2.250595 5.498842
2.267122 5.494486
2.283509 5.490101
2.299899 5.485692
2.316390 5.481266
2.332765 5.476827
2.349328 5.472380
2.365599 5.467932
2.382026 5.463485
2.398469 5.459045
2.414839 5.454616
2.431428 5.450200
2.447776 5.445802
2.464193 5.441424
2.480648 5.437068
2.497056 5.432737
2.513506 5.428431
2.529893 5.424152
2.546357 5.419900
2.562753 5.415675
2.579302 5.411477
2.595668 5.407304
2.612047 5.403155
2.628483 5.399028
2.644976 5.394921
2.661360 5.390831
2.677722 5.386756
2.694194 5.382693
2.710623 5.378637
2.727000 5.374587
2.743498 5.370537
2.759876 5.366485
2.776382 5.362426
2.792769 5.358356
2.809163 5.354271
2.825692 5.350167
2.842022 5.346040
2.858493 5.341886
2.874892 5.337699
2.891300 5.333477
2.907731 5.329213
2.924227 5.324905
2.940529 5.320548
2.957022 5.316137
2.973443 5.311669
2.989895 5.307138
3.006389 5.302541
3.022731 5.297874
3.039150 5.293133
3.055647 5.288313
3.072006 5.283412
3.088478 5.278425
3.104871 5.273348
3.121406 5.268180
3.137799 5.262917
3.154235 5.257555
3.170559 5.252093
3.187074 5.246528
3.203572 5.240859
3.219949 5.235083
3.236371 5.229201
3.252755 5.223209
3.269173 5.217109
3.285602 5.210901
3.302155 5.204583
3.318427 5.198158
3.334895 5.191627
3.351281 5.184991
3.367779 5.178253
3.384214 5.171414
3.400633 5.164479
3.417021 5.157451
3.433631 5.150333
3.449906 5.143131
3.466429 5.135848
3.482825 5.128492
3.499228 5.121066
3.515656 5.113579
3.532181 5.106035
3.548447 5.098442
3.564891 5.090808
3.581348 5.083141
3.597755 5.075447
3.614250 5.067736
3.630645 5.060016
3.646972 5.052297
3.663456 5.044586
3.679865 5.036895
3.696380 5.029231
3.712784 5.021606
3.729186 5.014029
3.745573 5.006510
3.762034 4.999060
3.778500 4.991688
3.794916 4.984405
3.811270 4.977222
3.827778 4.970148
3.844253 4.963194
3.860542 4.956371
3.877003 4.949688
3.893453 4.943155
3.909967 4.936782
3.926271 4.930579
3.942809 4.924555
3.959274 4.918719
3.975647 4.913081
3.992153 4.907648
4.008566 4.902430
4.024810 4.897433
4.041392 4.892667
4.057738 4.888137
4.074255 4.883852
4.090559 4.879819
4.106996 4.876043
4.123493 4.872531
4.139847 4.869289
4.156321 4.866323
4.172773 4.863639
4.189249 4.861241
4.205648 4.859134
4.222094 4.857325
4.238411 4.855816
4.254914 4.854613
4.271400 4.853721
4.287770 4.853143
4.304184 4.852883
4.320615 4.852945
4.337016 4.853333
4.353471 4.854050
4.369847 4.855100
4.386370 4.856484
4.402763 4.858207
4.419117 4.860268
4.435558 4.862671
4.452024 4.865416
4.468391 4.868505
4.484960 4.871935
4.501367 4.875708
4.517783 4.879822
4.534218 4.884275
4.550555 4.889063
4.567273 4.894183
4.583510 4.899631
4.599967 4.905400
4.616346 4.911484
4.632766 4.917876
4.649137 4.924567
4.665591 4.931549
4.681971 4.938809
4.698432 4.946339
4.714909 4.954124
4.731346 4.962152
4.747828 4.970411
4.764243 4.978884
4.780559 4.987556
4.796970 4.996413
4.813412 5.005437
4.829886 5.014612
4.846351 5.023920
4.862753 5.033343
4.879181 5.042865
4.895649 5.052466
4.912166 5.062128
4.928563 5.071834
4.944846 5.081565
4.961352 5.091302
4.977761 5.101028
4.994179 5.110724
5.010608 5.120374
5.026991 5.129960
5.043412 5.139465
5.059870 5.148873
5.076315 5.158167
5.092766 5.167332
5.109118 5.176354
5.125514 5.185218
5.142046 5.193912
5.158485 5.202422
5.174898 5.210737
5.191318 5.218846
5.207723 5.226739
5.224102 5.234407
5.240717 5.241842
5.257029 5.249038
5.273411 5.255987
5.289957 5.262686
5.306291 5.269129
5.322729 5.275316
5.339214 5.281242
5.355626 5.286908
5.371971 5.292314
5.388517 5.297461
5.404896 5.302351
5.421364 5.306988
5.437750 5.311375
5.454138 5.315517
5.470603 5.319420
5.486937 5.323091
5.503412 5.326537
5.519900 5.329766
5.536241 5.332786
5.552682 5.335608
5.569118 5.338241
5.585648 5.340697
5.602103 5.342985
5.618416 5.345118
5.634936 5.347108
5.651362 5.348966
5.667744 5.350706
5.684151 5.352340
5.700515 5.353880
5.717020 5.355339
5.733368 5.356730
5.749846 5.358063
5.766345 5.359353
5.782726 5.360608
5.799258 5.361841
5.815653 5.363061
5.832059 5.364277
5.848424 5.365499
5.864894 5.366733
5.881303 5.367986
5.897732 5.369264
5.914139 5.370571
6.226259 5.371911
6.242695 5.373286
6.259202 5.374698
6.275604 5.376148
6.292058 5.377634
6.308552 5.379156
6.324973 5.380712
6.341395 5.382299
6.357768 5.383914
6.374162 5.385552
6.390558 5.387211
6.407014 5.388885
6.423437 5.390568
6.439901 5.392257
6.456390 5.393944
6.472729 5.395625
6.489146 5.397294
6.505737 5.398944
6.522090 5.400571
6.538386 5.402167
6.554870 5.403728
6.571467 5.405247
6.587772 5.406719
6.604130 5.408138
6.620507 5.409499
6.637051 5.410797
6.653433 5.412025
6.669926 5.413180
6.686267 5.414256
6.702739 5.415247
6.719118 5.416149
6.735632 5.416958
6.751965 5.417668
6.768428 5.418274
6.784838 5.418773
6.801268 5.419159
6.817640 5.419428
6.834210 5.419576
6.850479 5.419599
6.866969 5.419492
6.883366 5.419253
6.899894 5.418875
6.916287 5.418357
6.932683 5.417695
6.949117 5.416884
6.965558 5.415923
6.981993 5.414807
6.998348 5.413534
7.014820 5.412103
7.031245 5.410509
7.047767 5.408754
7.064117 5.406834
7.080595 5.404749
7.097102 5.402500
7.113433 5.400086
7.129864 5.397510
7.146267 5.394772
7.162775 5.391875
7.179218 5.388822
7.195596 5.385617
7.212084 5.382264
7.228870 5.378769
7.244948 5.375137
7.261245 5.371375
7.277747 5.367490
7.294104 5.363490
7.310534 5.359384
7.327020 5.355181
7.343432 5.350892
7.359839 5.346526
7.376264 5.342096
7.392650 5.337612
7.409119 5.333088
7.425489 5.328536
7.441985 5.323970
7.458399 5.319403
7.474824 5.314850
7.491278 5.310324
7.507781 5.305841
7.524117 5.301414
7.540514 5.297058
7.557042 5.292787
7.573290 5.288616
7.589766 5.284559
7.606256 5.280628
7.622774 5.276839
7.639164 5.273202
7.655500 5.269731
7.671961 5.266437
7.688347 5.263331
7.704771 5.260422
7.721264 5.257721
7.737748 5.255235
7.754116 5.252972
7.770588 5.250939
7.786936 5.249142
7.803367 5.247584
7.819849 5.246271
7.836285 5.245203
7.852741 5.244383
7.869117 5.243812
7.885492 5.243487
7.901992 5.243409
7.918352 5.243573
7.934846 5.243976
7.951243 5.244613
7.967720 5.245478
7.984124 5.246565
8.000557 5.247865
8.016932 5.249370
8.033414 5.251071
8.049811 5.252958
8.066222 5.255021
8.082639 5.257248
8.099134 5.259627
8.115496 5.262146
8.132001 5.264794
8.148341 5.267557
8.164812 5.270423
8.181246 5.273378
8.197754 5.276410
8.214021 5.279504
8.230608 5.282649
8.246950 5.285831
8.263429 5.289037
8.279780 5.292256
8.296237 5.295475
8.312702 5.298683
8.329131 5.301867
8.345468 5.305019
8.361999 5.308126
8.378395 5.311181
8.394880 5.314174
8.411394 5.317097
8.427625 5.319942
8.444162 5.322702
8.460552 5.325372
8.477012 5.327946
8.493477 5.330419
8.509754 5.332787
8.526221 5.335048
8.542639 5.337198
8.559129 5.339237
8.575571 5.341162
8.591941 5.342973
8.608355 5.344671
8.624751 5.346256
8.641230 5.347729
8.657670 5.349093
8.674186 5.350349
8.690531 5.351501
8.706924 5.352552
8.723434 5.353507
8.739846 5.354368
8.756205 5.355142
8.772623 5.355832
8.789067 5.356445
8.805567 5.356986
8.822005 5.357461
8.838351 5.357876
8.854882 5.358237
8.871193 5.358551
8.887688 5.358824
8.904065 5.359063
8.920528 5.359274
8.936970 5.359462
8.953350 5.359636
8.969901 5.359799
8.986276 5.359958
9.002732 5.360119
9.019095 5.360287
9.035953 5.360465
9.052054 5.360659
9.068378 5.360873
9.084844 5.361109
9.101195 5.361371
9.117626 5.361662
9.134046 5.361982
9.150473 5.362333
9.166968 5.362717
9.183373 5.363133
9.199868 5.363580
9.216207 5.364058
9.232676 5.364566
9.249177 5.365101
9.265508 5.365660
9.281994 5.366241
9.298404 5.366838
9.314849 5.367449
9.331252 5.368067
9.347770 5.368688
9.364121 5.369306
9.380439 5.369913
9.396900 5.370503
9.413370 5.371069
9.429759 5.371604
9.446227 5.372098
9.462616 5.372543
9.479066 5.372932
9.495438 5.373256
9.511973 5.373505
9.528511 5.373671
9.544778 5.373744
9.561275 5.373718
9.577620 5.373582
9.594146 5.373328
9.610606 5.372950
9.627019 5.372439
9.643352 5.371789
9.659923 5.370993
9.676222 5.370047
9.692650 5.368945
9.709164 5.367683
9.725471 5.366258
9.741779 5.364669
9.758403 5.362913
9.774730 5.360991
9.791197 5.358904
9.807590 5.356652
9.824127 5.354239
9.840465 5.351668
9.856860 5.348944
9.873428 5.346073
9.889881 5.343061
9.906246 5.339915
9.922621 5.336644
9.939127 5.333257
9.955465 5.329763
9.971891 5.326173
9.988380 5.322498
10.004845 5.318748
10.021145 5.314937
10.037653 5.311076
10.054125 5.307177
10.070522 5.303253
10.086986 5.299317
10.103379 5.295382
10.119842 5.291461
10.136202 5.287566
10.152648 5.283711
10.169018 5.279908
10.185447 5.276170
10.201896 5.272508
10.218344 5.268936
10.234752 5.265463
10.251249 5.262102
10.267596 5.258863
10.284094 5.255757
10.300441 5.252794
10.316942 5.249983
10.333319 5.247333
10.349867 5.244853
10.366197 5.242551
10.382624 5.240434
10.399082 5.238509
10.415473 5.236782
10.431895 5.235260
10.448309 5.233947
10.464717 5.232848
10.481202 5.231967
10.497645 5.231309
10.514002 5.230875
10.530504 5.230669
10.546865 5.230693
10.563369 5.230949
10.579878 5.231437
10.596212 5.232160
10.612587 5.233116
10.629022 5.234308
10.645440 5.235733
10.661996 5.237392
10.678344 5.239284
10.694724 5.241407
10.711134 5.243762
10.727644 5.246345
10.744044 5.249155
10.760469 5.252189
10.776933 5.255447
10.793423 5.258924
10.809812 5.262618
10.826170 5.266526
10.842638 5.270645
10.859065 5.274971
10.875514 5.279501
10.891967 5.284230
10.908379 5.289156
10.924718 5.294272
10.941281 5.299576
10.957543 5.305063
10.974015 5.310728
10.990518 5.316565
11.006886 5.322571
11.023293 5.328739
11.039736 5.335065
11.056138 5.341542
11.072640 5.348165
11.088996 5.354928
11.105366 5.361825
11.121868 5.368849
11.138322 5.375994
11.154714 5.383252
11.171176 5.390615
11.187609 5.398078
11.204044 5.405632
11.220494 5.413269
11.237023 5.420981
11.253403 5.428759
11.269866 5.436596
11.286194 5.444482
11.302669 5.452409
11.319065 5.460369
11.335423 5.468351
11.351890 5.476349
11.368318 5.484351
11.384820 5.492351
11.401219 5.500338
11.417569 5.508305
11.434025 5.516243
11.450444 5.524143
11.466852 5.531997
11.483294 5.539797
11.499835 5.547535
11.516331 5.555204
11.532565 5.562796
11.549085 5.570304
11.565542 5.577721
11.581891 5.585040
11.598456 5.592255
11.614820 5.599360
11.631168 5.606348
11.647660 5.613215
11.664020 5.619954
11.680384 5.626561
11.696867 5.633030
11.713303 5.639358
11.729688 5.645538
11.746170 5.651569
11.762570 5.657445
11.779043 5.663162
11.795477 5.668718
11.811842 5.674109
11.828248 5.679332
11.844719 5.684384
11.861250 5.689262
11.877719 5.693964
11.893995 5.698487
11.910420 5.702828
11.926962 5.706985
11.943299 5.710956
11.959730 5.714738
11.976146 5.718329
11.992599 5.721725
12.009070 5.724925
12.025498 5.727926
12.041868 5.730724
12.058366 5.733317
12.074701 5.735701
12.091147 5.737873
12.107683 5.739828
12.124019 5.741564
12.140553 5.743076
12.156976 5.744359
12.173435 5.745410
12.189764 5.746223
12.206165 5.746793
12.222595 5.747116
12.238995 5.747186
12.255443 5.746998
12.271872 5.746547
12.288247 5.745827
12.304720 5.744834
12.321206 5.743562
12.337572 5.742006
12.354043 5.740161
12.370389 5.738023
12.386927 5.735587
12.403342 5.732849
12.419808 5.729804
12.436251 5.726451
12.452660 5.722784
12.469081 5.718802
12.485496 5.714501
12.501808 5.709880
12.518302 5.704936
12.534773 5.699668
12.551183 5.694075
12.567571 5.688157
12.584041 5.681914
12.600446 5.675345
12.616869 5.668454
12.633354 5.661240
12.649803 5.653708
12.666226 5.645859
12.682602 5.637699
12.698968 5.629231
12.715442 5.620462
12.731879 5.611396
12.748309 5.602043
12.764670 5.592408
12.781207 5.582501
12.797573 5.572332
12.814019 5.561909
12.830513 5.551243
12.846842 5.540345
12.863344 5.529228
12.879754 5.517903
12.896173 5.506382
12.912544 5.494679
12.928950 5.482806
12.945417 5.470778
12.961942 5.458607
12.978321 5.446308
12.994753 5.433895
13.011173 5.421382
13.027555 5.408783
13.044000 5.396113
13.060347 5.383385
13.076873 5.370614
13.093267 5.357814
13.109749 5.345000
