0.000000 759.888000 357.825600
0.016594 669.571200 331.295400
0.032905 670.329600 337.138200
0.049331 778.876800 350.238600
0.065732 749.299200 311.817600
0.082111 749.856000 313.599600
0.098600 823.219200 358.543800
0.115033 769.228800 327.580200
0.131433 769.228800 327.580200
0.147875 760.358400 361.713600
0.164431 736.646400 356.038200
0.180759 732.460800 338.925600
0.197096 763.132800 336.776400
0.213733 707.884800 295.709400
0.229976 699.849600 272.840400
0.246374 723.763200 285.120000
0.262899 723.590400 248.167800
0.279294 730.195200 275.707800
0.295720 904.876800 327.137400
0.312105 960.566400 413.661600
0.328656 963.801600 444.609000
0.344998 986.150400 531.279000
0.361451 948.422400 485.568000
0.377874 947.270400 476.798400
0.394305 934.147200 501.514200
0.410699 905.232000 468.239400
0.427240 901.795200 449.166600
0.443576 914.841600 445.440600
0.460072 1016.054400 454.118400
0.476480 1016.054400 454.118400
0.492896 929.289600 475.345800
0.509350 890.956800 489.380400
0.525780 890.956800 489.380400
0.542200 989.596800 424.051200
0.558664 937.420800 457.660800
0.574977 937.315200 442.249200
0.591473 931.728000 380.343600
0.607879 983.913600 373.890600
0.624297 980.073600 373.626000
0.640756 805.977600 354.958200
0.657224 769.363200 377.163000
0.673606 779.318400 397.348200
0.689923 768.681600 387.752400
0.706425 786.940800 391.446000
0.722908 780.432000 382.136400
0.739391 844.896000 332.839800
0.755907 842.764800 377.551800
0.772235 848.448000 386.715600
0.788532 814.377600 384.766200
0.805048 795.571200 347.862600
0.821475 793.027200 338.736600
0.838006 797.904000 383.124600
0.854326 801.523200 332.802000
0.870673 801.052800 338.828400
0.887233 850.867200 359.019000
0.903574 864.009600 366.255000
0.919958 865.603200 382.336200
0.936367 792.422400 384.636600
0.952800 763.161600 439.290000
0.969409 766.608000 438.409800
0.985699 828.211200 393.319800
1.002252 862.339200 332.089200
1.018633 854.188800 310.273200
1.035087 717.657600 392.320800
1.051429 1093.516800 325.954800
1.067854 1094.544000 342.230400
1.084297 1227.283200 395.010000
1.100772 1256.841600 360.579600
1.117160 1257.436800 366.373800
1.133708 1303.305600 361.103400
1.150111 1329.801600 357.372000
1.166421 1333.056000 339.962400
1.182957 1292.467200 320.641200
1.199327 1264.089600 323.659800
1.215781 1266.278400 313.556400
1.232240 1254.297600 291.519000
1.248649 1275.657600 320.932800
1.265102 1274.054400 336.490200
1.281421 1257.849600 306.973800
1.297994 957.177600 524.518200
1.314246 954.729600 520.155000
1.330766 848.841600 533.914200
1.347133 818.707200 431.713800
1.363551 815.760000 427.275000
1.380002 889.363200 520.646400
1.396425 892.166400 468.255600
1.412877 896.246400 482.203800
1.429313 900.806400 524.453400
1.445727 900.499200 525.544200
1.462200 902.486400 535.280400
1.478590 885.254400 542.165400
1.495053 844.656000 540.766800
1.511381 842.630400 526.662000
1.528000 888.403200 505.531800
1.544357 885.465600 442.405800
1.560677 880.972800 429.024600
1.577236 861.225600 479.536200
1.593547 829.574400 480.054600
1.610028 833.011200 485.006400
1.626484 873.417600 482.322600
1.642886 668.745600 658.287000
1.659282 664.262400 651.153600
1.675709 682.646400 719.166600
1.692083 691.545600 727.347600
1.708569 691.545600 727.347600
1.725081 654.720000 723.222000
1.741502 641.942400 729.966600
1.757797 642.326400 732.958200
1.774245 646.857600 750.983400
1.790753 651.686400 761.076000
1.807133 656.140800 764.283600
1.823667 683.500800 756.723600
1.839930 664.483200 742.813200
1.856377 655.344000 730.371600
1.872837 654.028800 739.643400
1.889296 647.587200 736.317000
1.905756 652.233600 742.500000
1.922108 648.278400 744.546600
1.938532 633.552000 752.252400
1.954950 639.004800 761.443200
1.971427 628.012800 776.082600
1.987846 644.457600 743.018400
2.004415 644.668800 745.767000
2.020724 728.496000 737.845200
2.037141 537.878400 506.574000
2.053610 535.315200 496.362600
2.070037 440.592000 152.425800
2.086476 426.691200 86.459400
2.102945 420.796800 75.448800
2.119327 311.078400 51.640200
2.135834 365.040000 22.064400
2.152135 375.264000 43.799400
2.168585 402.585600 81.189000
2.185048 392.496000 122.461200
2.201497 398.400000 129.303000
2.217932 361.632000 110.003400
2.234322 342.489600 170.964000
2.250782 328.051200 151.313400
2.267202 323.731200 118.416600
2.283687 358.435200 146.291400
2.300000 358.281600 146.048400
2.316494 349.555200 127.305000
2.332898 354.192000 146.880000
2.349381 354.192000 146.880000
2.365808 328.281600 144.045000
2.382273 554.611200 121.867200
2.398599 565.449600 146.934000
2.415074 562.867200 185.949000
2.431500 578.313600 214.228800
2.447957 583.161600 221.157000
2.464349 580.454400 179.280000
2.480792 576.297600 172.119600
2.497135 570.547200 158.916600
2.513629 567.705600 141.555600
2.530028 568.070400 184.042800
2.546515 562.108800 170.715600
2.562910 648.547200 125.652600
2.579356 707.126400 80.292600
2.595786 699.811200 54.734400
2.612209 736.128000 87.615000
2.628628 687.398400 70.113600
2.645070 695.971200 107.713800
2.661474 681.475200 121.867200
2.677899 733.843200 119.955600
2.694305 745.094400 148.122000
2.710761 721.219200 129.016800
2.727204 731.049600 82.771200
2.743605 716.428800 28.593000
2.760025 898.022400 62.208000
2.776450 906.768000 79.687800
2.792849 907.094400 98.371800
2.809377 883.248000 176.374800
2.825750 846.768000 208.839600
2.842279 849.292800 222.069600
2.858600 910.608000 106.007400
2.875058 933.244800 82.890000
2.891457 933.244800 82.890000
2.907860 933.456000 169.635600
2.924319 880.233600 221.416200
2.940803 880.742400 214.531200
2.957313 884.697600 137.516400
2.973666 978.950400 123.994800
2.989999 975.552000 111.709800
3.006474 1058.899200 110.462400
3.022930 1087.104000 168.318000
3.039392 1089.571200 194.918400
3.055753 1164.278400 203.952600
3.072159 1179.676800 141.069600
3.088630 1178.486400 134.838000
3.105029 1175.222400 169.975800
3.121474 1161.705600 201.042000
3.137887 1159.132800 226.524600
3.154358 1143.974400 218.181600
3.170730 987.993600 294.613200
3.187277 987.993600 294.613200
3.203607 722.918400 478.315800
3.219920 681.974400 485.308800
3.236457 678.288000 480.864600
3.252827 721.948800 494.575200
3.269284 717.523200 501.071400
3.285670 712.684800 486.685800
3.302109 781.488000 489.715200
3.318632 736.176000 463.260600
3.335002 736.032000 458.443800
3.351429 708.844800 490.449600
3.368003 695.827200 498.112200
3.384159 695.913600 498.290400
3.400693 650.140800 476.895600
3.417084 630.720000 441.012600
3.433552 627.168000 437.605200
3.449962 641.510400 722.784600
3.466508 632.851200 797.655600
3.482824 637.372800 800.463600
3.499222 703.977600 815.340600
3.515701 697.401600 807.321600
3.532048 693.091200 801.711000
3.548530 682.924800 808.277400
3.565013 662.054400 800.598600
3.581330 662.054400 800.598600
3.597824 712.243200 724.960800
3.614317 705.916800 719.020800
3.630628 705.916800 719.020800
3.647110 685.209600 725.473800
3.663548 673.046400 727.633800
3.679976 673.632000 731.046600
3.696374 684.892800 751.501800
3.712742 693.446400 766.675800
3.729270 697.334400 769.694400
3.745705 705.993600 775.067400
3.762133 711.283200 758.143800
3.778551 707.424000 755.157600
3.795028 716.121600 786.196800
3.811378 741.129600 803.466000
3.827883 744.921600 809.233200
3.844248 741.686400 772.713000
3.860647 702.230400 762.253200
3.877042 702.230400 762.253200
3.893630 734.198400 774.808200
3.910081 733.843200 780.213600
3.926408 729.744000 776.363400
3.942981 647.308800 732.990600
3.959250 649.689600 743.342400
3.975772 653.798400 748.764000
3.992088 678.854400 754.747200
4.008525 704.995200 755.427600
4.024948 709.276800 759.385800
4.041400 710.083200 832.005000
4.057880 667.382400 808.709400
4.074245 663.321600 803.827800
4.090666 680.457600 791.877600
4.107140 705.868800 797.450400
4.123551 705.465600 794.561400
4.139996 671.011200 903.819600
4.156424 698.208000 843.960600
4.172752 689.529600 833.468400
4.189267 664.118400 850.424400
4.205687 722.102400 844.198200
4.222042 718.896000 843.042600
4.238549 705.936000 886.523400
4.254922 706.944000 926.332200
4.271459 714.153600 932.045400
4.287877 726.700800 935.058600
4.304297 731.548800 924.728400
4.320661 728.304000 921.218400
4.337176 770.572800 820.837800
4.353695 857.011200 827.544600
4.369953 862.012800 834.807600
4.386349 884.716800 838.765800
4.402749 863.548800 828.117000
4.419270 862.915200 831.092400
4.435650 928.492800 856.315800
4.452081 905.510400 851.196600
4.468554 903.196800 848.718000
4.484925 895.670400 827.879400
4.501325 919.046400 844.479000
4.517743 922.540800 843.620400
4.534219 893.904000 781.822800
4.550745 920.409600 670.048200
4.567137 918.163200 667.861200
4.583470 980.736000 669.772800
4.599976 957.187200 670.593600
4.616397 958.358400 678.051000
4.632849 941.865600 667.839600
4.649227 960.585600 678.218400
4.665700 961.852800 674.352000
4.682083 965.366400 697.253400
4.698491 935.414400 703.625400
4.714991 933.254400 708.987600
4.731366 1139.059200 694.677600
4.747831 1143.321600 664.594200
4.764372 1147.104000 664.173000
4.780704 1182.720000 668.352600
4.797095 1183.641600 685.195200
4.813491 1185.408000 669.929400
4.829949 1167.168000 667.828800
4.846368 1157.913600 668.131200
4.862846 1154.342400 689.563800
4.879219 1156.108800 698.446800
4.895741 1154.476800 700.542000
4.912035 1153.411200 706.935600
4.928512 1152.854400 714.938400
4.945051 1149.062400 702.572400
4.961325 1149.062400 702.572400
4.977765 1152.278400 697.177800
4.994236 1156.627200 687.290400
5.010616 1157.721600 680.680800
5.027175 1188.249600 672.235200
5.043515 1201.296000 649.819800
5.059987 1205.260800 638.560800
5.076348 1190.294400 618.505200
5.092720 1102.857600 603.720000
5.109149 1103.990400 587.044800
5.125698 1102.512000 572.189400
5.142123 1162.953600 590.943600
5.158534 1161.907200 597.731400
5.174905 1139.049600 569.602800
5.191344 1171.190400 611.123400
5.207719 1169.769600 619.450200
5.224240 1194.403200 638.949600
5.240740 1185.264000 662.985000
5.257204 1185.196800 652.914000
5.273536 1208.755200 629.888400
5.289977 1178.803200 626.491800
5.306383 1176.086400 640.936800
5.322820 1160.860800 654.555600
5.339236 1176.835200 680.961600
5.355700 1175.280000 688.797000
5.372014 1181.212800 688.748400
5.388537 1170.672000 681.571800
5.404909 1171.900800 675.102600
5.421388 1158.806400 668.514600
5.437815 1157.126400 662.277600
5.454146 1156.051200 668.876400
5.470642 1152.518400 680.751000
5.487075 1149.148800 676.711800
5.503491 1148.140800 683.364600
5.519968 1123.929600 707.043600
5.536343 1121.577600 709.160400
5.552814 1125.225600 691.329600
5.569290 1195.401600 675.491400
5.585660 1235.059200 657.023400
5.602128 1238.160000 639.532800
5.618590 1209.120000 615.675600
5.634970 1251.820800 576.309600
5.651360 1249.526400 584.647200
5.667867 1238.832000 595.933200
5.684319 1201.651200 649.090800
5.700720 1202.438400 653.227200
5.717092 1146.662400 630.568800
5.733599 1128.883200 643.793400
5.750002 1125.110400 650.932200
5.766387 1171.574400 658.638000
5.782824 1134.758400 673.968600
5.799297 1136.102400 677.019600
5.815720 1219.430400 680.545800
5.832122 1226.544000 658.054800
5.848535 1228.252800 651.645000
5.864968 1226.928000 673.201800
5.881446 1226.716800 670.701600
5.897786 1224.585600 678.445200
5.914273 1229.932800 677.721600
5.930725 1223.126400 688.392000
5.947165 1223.126400 688.392000
5.963568 1234.118400 678.267000
5.980014 1221.206400 690.211800
5.996472 1221.206400 690.211800
6.012843 1231.987200 682.371000
6.029298 1194.825600 708.415200
6.045700 1196.572800 701.049600
6.061889 1182.230400 678.105000
6.078535 1185.820800 681.183000
6.095010 1183.286400 684.266400
6.111452 1100.956800 676.333800
6.127855 1114.195200 688.532400
6.144266 1116.528000 695.503800
6.160638 1134.268800 688.041000
6.177127 1140.201600 681.296400
6.193535 1142.035200 667.683000
6.209957 1173.484800 641.206800
6.226410 1169.126400 652.438800
6.242872 1165.574400 662.941800
6.259283 1142.284800 688.537800
6.275698 1129.622400 708.544800
6.292096 1128.672000 715.834800
6.308500 1125.916800 695.266200
6.324991 1118.438400 740.928600
6.341400 1119.110400 735.107400
6.357877 1154.198400 734.459400
6.374220 1148.966400 687.949200
6.390719 1150.310400 690.179400
6.407130 1161.849600 712.081800
6.423626 1167.648000 715.672800
6.440001 1167.849600 714.592800
6.456414 1155.465600 729.550800
6.472894 1149.158400 743.623200
6.489204 1150.137600 737.926200
6.505624 1170.537600 723.340800
6.522146 1181.136000 715.618800
6.538558 1181.241600 706.239000
6.555001 1174.185600 710.127000
6.571365 1183.046400 717.120000
6.587861 1184.304000 720.538200
6.604249 1168.406400 718.011000
6.620659 1161.504000 719.020800
6.637125 1161.475200 719.150400
6.653538 1215.187200 761.880600
6.670003 1170.009600 741.846600
6.686388 1170.009600 741.846600
6.702896 1178.428800 723.416400
6.719254 1147.593600 716.947200
6.735734 1145.356800 720.219600
6.752080 1203.110400 732.855600
6.768523 1151.500800 644.868000
6.784970 1149.283200 659.399400
6.801343 1125.859200 727.984800
6.817826 1133.260800 673.714800
6.834257 1134.268800 665.679600
6.850637 1180.262400 672.359400
6.867074 1163.241600 653.470200
6.883514 1165.795200 649.420200
6.899969 1120.857600 651.180600
6.916400 1155.475200 660.317400
6.932822 1154.208000 656.645400
6.949298 1179.264000 653.502600
6.965660 1171.939200 638.793000
6.982106 1175.750400 627.928200
6.998566 1181.961600 666.878400
7.015002 1098.528000 419.315400
7.031398 1096.137600 424.953000
7.047872 1079.606400 512.697600
7.064264 1079.702400 550.049400
7.080699 1079.030400 567.999000
7.097096 1062.720000 571.811400
7.113491 1104.460800 568.771200
7.129969 1106.572800 564.202800
7.146340 1101.148800 548.343000
7.162785 1155.638400 540.351000
7.179275 1155.811200 538.990200
7.195665 1142.544000 527.947200
7.212149 1103.635200 521.883000
7.228567 1101.456000 526.613400
7.244964 1131.782400 620.222400
7.261344 1148.860800 594.086400
7.277762 1149.888000 586.612800
7.294199 1130.956800 587.131200
7.310732 1170.048000 580.143600
7.327145 1172.524800 575.467200
7.343490 1183.920000 603.622800
7.359972 1164.278400 580.975200
7.376423 1162.099200 585.495000
7.392843 1153.708800 567.837000
7.409251 1137.388800 573.787800
7.425658 1135.507200 589.869000
7.442128 828.604800 1080.000000
7.787071 1124.697600 675.545400
7.803501 1131.638400 683.051400
7.819949 1131.465600 671.506200
7.836351 1121.280000 668.676600
7.852749 1099.180800 661.532400
7.869216 1099.776000 653.518800
7.885685 1093.353600 653.972400
7.902128 1086.105600 667.515600
7.918505 1087.382400 672.240600
7.934968 1092.144000 674.962200
7.951343 1107.264000 676.296000
7.967762 1109.337600 673.979400
7.984196 1109.385600 670.177800
8.000694 1111.584000 667.467000
8.017093 1110.028800 663.616800
8.033511 1104.691200 667.602000
8.049999 1100.937600 679.120200
8.066344 1098.537600 689.493600
8.082815 1109.750400 744.114600
8.099235 1121.040000 752.770800
8.115691 1123.132800 748.801800
8.132095 1180.368000 725.225400
8.148512 1149.782400 712.243800
8.164977 1153.219200 703.031400
8.181374 1127.011200 711.066600
8.197783 1123.574400 670.885200
8.214232 1123.564800 671.025600
8.230663 1143.907200 593.875800
8.247095 1151.923200 646.374600
8.263491 1148.592000 656.640000
8.279972 1160.188800 654.139800
8.296397 1142.160000 680.643000
8.312738 1144.569600 677.014200
8.329318 1124.928000 654.210000
8.345611 1172.265600 603.682200
8.362088 1176.144000 580.527000
8.378542 1193.596800 610.086600
8.394951 1165.526400 597.110400
8.411348 1162.003200 609.481800
8.427765 1120.262400 617.846400
8.444171 949.584000 709.322400
8.460693 952.166400 712.913400
8.477132 678.979200 814.087800
8.493448 657.916800 794.939400
8.509846 657.782400 796.473000
8.526285 632.006400 832.129200
8.542718 690.297600 788.891400
8.559146 698.688000 798.265800
8.575535 681.148800 817.079400
8.592180 716.649600 789.075000
8.608473 704.716800 774.781200
8.624864 712.934400 734.972400
8.641286 687.014400 772.340400
8.657719 691.286400 778.237200
8.674170 678.681600 803.563200
8.690596 671.433600 779.257800
8.707126 676.185600 785.430000
8.723448 668.025600 784.965600
8.739947 616.646400 797.769000
8.756379 616.646400 797.769000
8.772922 674.908800 843.604200
8.789077 709.190400 757.603800
8.805637 704.851200 751.059000
8.822111 696.787200 739.503000
8.838498 690.547200 377.519400
8.854889 690.883200 382.066200
8.871366 724.051200 305.926200
8.887819 759.456000 342.338400
8.904238 766.454400 358.997400
8.920594 790.953600 392.385600
8.937077 749.193600 391.343400
8.953502 745.843200 386.861400
8.969917 728.784000 378.118800
8.986388 752.697600 436.557600
9.002781 751.977600 424.715400
9.019249 1025.702400 171.541800
9.035632 1277.942400 110.419200
9.052151 1279.459200 83.349000
9.068498 1287.062400 60.010200
9.084927 1279.353600 74.374200
9.101386 1276.953600 94.986000
9.117708 1286.160000 130.917600
9.134282 1285.036800 79.137000
9.150600 1287.321600 66.879000
9.167162 1283.289600 108.837000
9.183454 1281.888000 124.691400
9.199904 1285.104000 116.872200
9.216353 1277.049600 90.649800
9.232813 1280.764800 70.626600
9.249199 1283.347200 56.424600
9.265703 1286.371200 83.570400
9.282047 1276.675200 71.679600
9.298451 1274.112000 85.881600
9.314923 1425.340800 108.842400
9.331324 1526.352000 89.640000
9.347823 1516.358400 112.249800
9.364219 1504.089600 147.004200
9.380681 1491.705600 179.685000
9.397040 1491.811200 179.425800
9.413514 1456.752000 115.986600
9.429891 1495.094400 134.940600
9.446278 1504.838400 112.622400
9.462675 1524.672000 105.780600
9.479107 1525.948800 137.899800
9.495585 1521.283200 149.704200
9.512022 879.705600 76.561200
9.528531 577.411200 183.335400
9.544901 584.419200 203.158800
9.561322 493.795200 207.862200
9.577873 512.112000 229.159800
9.594219 513.110400 231.060600
9.610681 544.800000 170.559000
9.627011 518.390400 199.935000
9.643450 511.680000 186.651000
9.659917 556.512000 183.227400
9.676380 519.936000 166.195800
9.692803 513.513600 152.949600
9.709192 520.137600 124.432200
9.725599 663.696000 231.735600
9.742076 672.211200 254.534400
9.758399 964.080000 671.058000
9.774897 991.420800 745.507800
9.791362 993.427200 748.726200
9.807646 945.542400 741.241800
9.824141 965.779200 736.133400
9.840596 963.734400 723.832200
9.856973 947.894400 725.905800
9.873356 969.139200 688.872600
9.889826 969.139200 688.872600
9.906406 991.833600 671.387400
9.922755 1184.332800 609.114600
9.939169 1181.808000 613.380600
9.955574 1272.009600 647.141400
9.971950 1219.795200 663.120000
9.988429 1220.352000 666.797400
10.004847 1224.432000 662.310000
10.021391 1242.201600 659.151000
10.037753 1244.428800 651.526200
10.054269 1166.832000 654.318000
10.070602 1176.854400 679.611600
10.086999 1174.569600 682.867800
10.103447 1215.225600 669.988800
10.119933 1191.187200 624.774600
10.136289 1189.507200 632.896200
10.152618 1206.681600 643.723200
10.169068 1217.155200 747.057600
10.185547 1219.190400 740.194200
10.201950 1248.336000 677.905200
10.218451 1253.107200 672.181200
10.234860 1253.107200 672.181200
10.251355 1212.873600 664.129800
10.267697 1187.203200 647.454600
10.284220 1188.220800 651.564000
10.300555 1206.969600 715.753800
10.316941 1191.657600 666.079200
10.333455 1193.270400 658.578600
10.349962 1172.601600 692.096400
10.366305 1211.193600 688.500000
10.382733 1206.211200 694.737000
10.399135 1210.281600 661.257000
10.415554 1198.550400 670.717800
10.432053 1197.628800 681.766200
10.448477 1220.918400 717.579000
10.464907 1153.171200 745.653600
10.481197 1157.760000 729.745200
10.497724 1151.299200 733.978800
10.514156 1127.664000 727.893000
10.530611 1128.470400 721.396800
10.547093 1131.177600 675.923400
10.563417 1201.171200 665.744400
10.579897 1195.056000 682.916400
10.596321 1174.742400 701.222400
10.612745 1166.409600 705.817800
10.629156 1163.779200 719.388000
10.645682 1179.388800 747.225000
10.662025 1098.672000 740.809800
10.678477 1101.004800 737.456400
10.694932 1137.148800 769.219200
10.711322 935.222400 776.919600
10.727705 931.113600 767.982600
10.744153 730.598400 693.964800
10.760608 727.315200 704.154600
10.776986 731.299200 711.180000
10.793404 754.003200 733.968000
10.809802 763.008000 745.011000
10.826329 763.008000 745.011000
10.842800 777.590400 739.686600
10.859079 748.675200 732.396600
10.875599 741.561600 719.641800
10.891972 731.788800 749.698200
10.908422 684.806400 685.767600
10.924907 680.332800 678.612600
10.941317 713.779200 736.662600
10.957759 812.784000 687.943800
10.974171 813.532800 684.325800
10.990628 1192.012800 703.441800
11.007051 1286.361600 633.214800
11.023526 1284.086400 639.829800
11.039868 1230.556800 732.704400
11.056280 1251.936000 707.697000
11.072692 1246.396800 714.063600
11.089151 1192.233600 708.874200
11.105542 1155.936000 707.373000
11.121972 1155.782400 717.465600
11.138445 1226.160000 739.281600
11.154906 1285.574400 745.626600
11.171322 1285.036800 746.928000
11.187738 1231.382400 719.312400
11.204603 1198.550400 746.944200
11.220597 1201.382400 743.871600
11.236998 1218.777600 753.877800
11.253480 1234.752000 743.580000
11.269881 1236.940800 736.765200
11.286323 1153.564800 728.163000
11.302762 1174.982400 700.903800
11.319200 1176.201600 694.909800
11.335549 1190.649600 676.026000
11.351970 1184.803200 662.920200
11.368434 1183.526400 659.194200
11.384870 1139.683200 709.473600
11.401301 1138.128000 702.799200
11.417755 1138.147200 702.664200
11.434197 1135.622400 719.604000
11.450543 1131.398400 723.605400
11.466971 1131.398400 723.605400
11.483422 1167.254400 708.096600
11.499966 1180.377600 614.023200
11.516299 1183.219200 609.897600
11.532697 1163.923200 374.722200
11.549162 1159.516800 354.558600
11.565605 1155.820800 369.192600
11.581974 1193.481600 410.032800
11.598365 1195.756800 316.607400
11.614905 1197.062400 322.633800
11.631323 1222.425600 310.359600
11.647757 1210.915200 287.382600
11.664128 1211.145600 271.360800
11.680581 1227.100800 370.758600
11.697009 1184.294400 351.264600
11.713429 1181.078400 374.203800
11.729929 1193.875200 376.747200
11.746307 1140.528000 359.013600
11.762723 1143.964800 341.172000
11.779133 840.268800 447.876000
11.795637 843.657600 527.650200
11.812029 840.700800 523.357200
11.828458 733.248000 535.491000
11.844885 779.798400 528.984000
11.861269 786.566400 542.689200
11.877668 805.555200 520.803000
11.894197 811.104000 526.748400
11.910590 807.724800 522.212400
11.926989 784.867200 488.905200
11.943489 785.308800 530.139600
11.959894 785.251200 529.972200
11.976266 773.798400 521.920800
11.992664 767.155200 521.494200
12.009131 770.035200 529.167600
12.025544 663.273600 754.860600
12.041945 718.780800 789.377400
12.058436 726.681600 800.868600
12.074768 686.140800 791.056800
12.091232 706.924800 794.874600
12.107651 698.553600 783.232200
12.124107 707.424000 777.184200
12.140551 681.427200 722.892600
12.156995 677.616000 717.244200
12.173352 636.211200 776.277000
12.189805 624.864000 784.026000
12.206267 634.675200 795.209400
12.222654 815.942400 853.183800
12.239159 885.129600 825.859800
12.255604 882.912000 819.930600
12.272011 844.320000 862.180200
12.288359 850.905600 839.160000
12.304755 846.316800 829.229400
12.321243 775.334400 804.880800
12.337646 787.728000 828.478800
12.354102 791.222400 831.151800
12.370521 833.395200 764.035200
12.386958 948.652800 723.902400
12.403311 946.540800 730.485000
12.419747 905.596800 764.694000
12.436212 953.616000 755.746200
12.452582 955.862400 767.836800
12.469176 1095.283200 798.390000
12.485475 1137.360000 715.948200
12.502007 1143.004800 701.703000
12.518483 1210.598400 717.201000
12.534826 1196.764800 689.952600
12.551262 1198.665600 673.482600
12.567646 1189.094400 643.145400
12.584200 1230.451200 640.353600
12.600565 1224.585600 662.104800
12.617057 1232.112000 687.684600
