0.000000 926.313600 406.468800
0.016407 932.553600 428.819400
0.032935 888.220800 377.767800
0.049258 888.220800 377.767800
0.065658 899.904000 385.576200
0.082182 917.510400 416.669400
0.098598 918.403200 423.478800
0.114948 767.260800 510.483600
0.131422 725.251200 395.247600
0.147798 722.476800 383.626800
0.164282 737.568000 412.009200
0.180637 719.721600 419.677200
0.197126 717.379200 413.407800
0.213595 729.206400 432.183600
0.229939 726.384000 398.946600
0.246347 729.033600 410.297400
0.262820 764.822400 388.071000
0.279196 727.363200 462.207600
0.295769 729.724800 468.142200
0.312134 782.553600 438.269400
0.328486 975.648000 630.482400
0.344965 975.484800 621.437400
0.361421 954.585600 568.630800
0.377777 1005.984000 458.400600
0.394210 1006.761600 451.774800
0.410676 936.518400 552.387600
0.427128 952.521600 519.879600
0.443487 951.043200 508.809600
0.459955 958.454400 517.174200
0.476411 988.972800 528.174000
0.492755 988.992000 539.109000
0.509175 971.337600 511.623000
0.525654 1007.011200 494.667000
0.542182 1007.232000 481.420800
0.558499 959.376000 504.009000
0.575082 1058.592000 482.490000
0.591430 1057.881600 493.198200
0.607802 1265.673600 522.185400
0.624201 1216.972800 517.557600
0.640630 1209.955200 545.977800
0.657076 1251.667200 616.615200
0.673536 1219.267200 578.264400
0.690001 1224.470400 558.581400
0.706392 1296.700800 578.134800
0.722749 1280.371200 478.013400
0.739220 1285.872000 458.492400
0.755672 1246.684800 540.113400
0.772135 1287.830400 462.893400
0.788569 1279.104000 491.810400
0.804970 1262.140800 495.072000
0.821353 1160.572800 598.455000
0.837787 1162.147200 597.126600
0.854221 812.438400 519.739200
0.870699 788.736000 535.928400
0.887106 785.088000 523.125000
0.903577 830.812800 546.345000
0.919929 848.092800 605.048400
0.936371 851.068800 619.579800
0.952785 807.801600 530.906400
0.969301 859.833600 583.939800
0.985648 856.992000 568.711800
1.002224 840.979200 530.587800
1.018599 1118.793600 536.457600
1.034971 1120.560000 523.173600
1.051347 1191.705600 563.468400
1.067865 1223.961600 456.418800
1.084297 1226.889600 443.296800
1.100616 1203.024000 521.586000
1.117164 1246.473600 479.703600
1.133573 1240.665600 502.880400
1.149910 1188.105600 498.592800
1.166444 1218.940800 541.031400
1.182803 1215.888000 553.813200
1.199237 1176.096000 558.252000
1.215688 1177.737600 570.650400
1.232097 1179.753600 560.460600
1.248541 763.996800 593.821800
1.264913 765.417600 554.855400
1.281326 767.856000 565.315200
1.297846 783.984000 525.560400
1.314255 817.315200 569.500200
1.330652 814.992000 556.750800
1.347098 778.137600 511.228800
1.363474 773.020800 492.993000
1.379982 773.020800 492.993000
1.396349 760.809600 587.028600
1.412756 740.486400 681.490800
1.429227 745.075200 692.285400
1.445625 1015.814400 594.707400
1.462096 1246.579200 586.526400
1.478662 1248.921600 575.451000
1.494890 1190.083200 507.740400
1.511770 1164.201600 570.294000
1.527863 1164.489600 568.765800
1.544243 1191.216000 593.022600
1.560646 1190.841600 478.299600
1.577156 1194.508800 462.477600
1.593501 1166.774400 585.376200
1.609948 1173.110400 574.047000
1.626402 1170.672000 586.353600
1.642880 1212.566400 592.790400
1.659265 925.344000 592.444800
1.675699 924.892800 597.353400
1.692095 782.438400 574.635600
1.708477 788.121600 581.056200
1.724910 785.030400 563.365800
1.741419 790.195200 513.199800
1.757919 765.734400 467.137800
1.774201 763.584000 457.158600
1.790677 759.830400 885.589200
2.053490 823.190400 534.627000
2.069954 823.190400 534.627000
2.086441 825.696000 459.718200
2.102741 1013.068800 430.185600
2.119248 1012.857600 441.450000
2.135685 1259.174400 567.669600
2.152097 1289.913600 559.116000
2.168470 1285.958400 567.518400
2.184973 1297.689600 599.011200
2.201370 1327.344000 613.342800
2.217755 1325.289600 621.151200
2.234188 1311.936000 528.654600
2.250657 1288.742400 586.612800
2.267048 1287.715200 588.222000
2.283524 1251.984000 599.664600
2.299913 1304.198400 1072.580400
2.316482 1299.724800 1077.510600
2.825619 442.560000 547.192800
2.842194 469.180800 567.853200
2.858493 469.180800 567.853200
2.874998 537.619200 550.114200
2.891367 518.630400 554.007600
2.907845 518.630400 554.007600
2.924219 266.467200 537.526800
2.940719 313.334400 539.703000
2.957129 313.334400 539.703000
2.973581 367.027200 580.100400
2.989890 324.307200 558.430200
3.006387 314.044800 541.760400
3.022772 286.675200 459.804600
3.039256 284.160000 458.919000
3.055549 279.849600 453.897000
3.072127 256.713600 473.580000
3.088470 320.697600 506.768400
3.104970 332.476800 523.098000
3.121379 334.214400 589.879800
3.137721 242.486400 509.511600
3.154162 237.744000 504.538200
3.170617 256.675200 491.340600
3.187037 331.833600 590.333400
3.203467 338.716800 600.134400
3.219927 335.030400 526.726800
3.236366 359.289600 525.576600
3.252742 356.851200 519.912000
3.269223 304.550400 574.619400
3.285669 338.428800 564.688800
3.302070 331.641600 554.742000
3.318446 275.097600 464.778000
3.334890 290.860800 481.285800
3.351397 299.990400 496.729800
3.367763 733.718400 669.740400
3.384151 697.430400 685.805400
3.400627 700.588800 694.704600
3.417038 740.611200 666.792000
3.433472 709.238400 620.600400
3.449845 702.489600 596.500200
3.466327 681.129600 648.286200
3.482721 618.556800 584.226000
3.499137 616.060800 579.668400
3.515632 719.577600 567.577800
3.532036 705.552000 569.565000
3.548491 711.638400 589.847400
3.564984 693.984000 603.088200
3.581388 699.820800 605.858400
3.597811 699.820800 605.858400
3.614216 960.652800 614.104200
3.630603 1106.092800 564.478200
3.647039 1106.092800 564.478200
3.663470 1080.931200 554.185800
3.679949 1095.129600 567.972000
3.696347 1095.129600 567.972000
3.712717 1048.051200 603.244800
3.729293 1081.641600 575.580600
3.745595 1083.888000 552.366000
3.762023 1073.270400 566.130600
3.778405 1055.712000 538.066800
3.794896 1057.344000 522.990000
3.811349 1104.009600 480.081600
3.827823 1192.665600 543.753000
3.844210 1188.537600 560.995200
3.860622 1382.592000 530.523000
3.877038 1359.081600 600.755400
3.893411 1351.161600 619.876800
3.909971 1343.356800 567.702000
3.926317 1368.912000 588.448800
3.942774 1378.406400 565.774200
3.959264 1402.416000 558.878400
3.975576 1341.600000 512.098200
3.992035 1341.600000 512.098200
4.008602 1389.926400 610.372800
4.024869 1413.936000 541.058400
4.041378 1403.654400 564.256800
4.057876 1376.054400 544.946400
4.074138 1350.681600 572.524200
4.090608 1350.681600 572.524200
4.107057 1300.464000 624.375000
4.123569 1283.846400 638.366400
4.139851 1287.177600 628.614000
4.156397 1271.059200 604.049400
4.172765 1314.451200 584.452800
4.189196 1316.496000 579.733200
4.205595 1274.812800 588.643200
4.222031 1278.441600 570.807000
4.238411 1279.584000 566.125200
4.254970 1260.297600 584.879400
4.271312 1278.316800 614.979000
4.287797 1275.408000 623.867400
4.304162 1276.934400 559.796400
4.320544 1285.718400 564.553800
4.337077 1285.718400 564.553800
4.353492 1267.680000 525.571200
4.369921 1313.020800 550.281600
4.386345 1313.020800 550.281600
4.402740 1267.584000 583.950600
4.419200 1264.060800 591.408000
4.435593 1262.918400 596.932200
4.452017 1328.006400 601.927200
4.468449 1302.979200 599.043600
4.484950 1304.064000 594.642600
4.501347 1290.403200 557.485200
4.517747 1305.168000 664.297200
4.534173 1304.025600 668.476800
4.550617 1277.443200 621.588600
4.567071 1322.428800 642.664800
4.583446 1323.571200 638.220600
4.599846 1313.433600 560.574000
4.616326 1240.569600 585.927000
4.632732 1237.958400 595.447200
4.649095 1275.945600 572.848200
4.665541 1324.924800 599.108400
4.681993 1333.334400 576.655200
4.698451 1271.740800 581.164200
4.715002 1309.238400 632.739600
4.731347 1311.235200 628.360200
4.747755 1309.046400 540.842400
4.764161 1293.792000 530.857800
4.780618 1287.532800 548.850600
4.796969 1269.081600 628.819200
4.813429 1274.524800 580.149000
4.829873 1275.792000 578.869200
4.846274 1185.273600 630.876600
4.862820 1190.380800 572.178600
4.879088 1192.742400 557.604000
4.895534 1232.611200 534.578400
4.912090 1563.676800 633.673800
4.928559 1553.577600 648.329400
4.944881 1591.238400 692.285400
4.961344 1531.449600 667.558800
4.977654 1525.766400 676.117800
4.994124 1515.628800 702.982800
5.010586 1567.929600 698.214600
5.026979 1582.454400 678.504600
5.043510 1584.940800 632.377800
5.059874 1577.193600 668.611800
5.076323 1577.193600 668.611800
5.092841 1613.856000 612.700200
5.109152 1551.753600 698.781600
5.125609 1544.256000 709.246800
5.141932 1519.363200 645.046200
5.158473 1522.320000 608.180400
5.174909 1522.320000 608.180400
5.191563 1518.028800 672.759000
5.207704 1552.521600 694.094400
5.224360 1560.105600 683.434800
5.404929 894.470400 1080.000000
5.421400 896.486400 1080.000000
5.437748 940.060800 1080.000000
5.454230 1010.745600 1080.000000
5.470648 1010.025600 1080.000000
5.487106 1208.073600 543.466800
5.503403 1180.272000 531.025200
5.519996 1179.638400 536.095800
5.536419 1179.897600 585.797400
5.552855 1145.203200 571.827600
5.569175 1146.816000 562.221000
5.585577 1205.049600 508.474800
5.602041 1188.124800 540.453600
5.618432 1192.809600 517.455000
5.634939 1176.470400 520.884000
5.651314 1212.307200 481.631400
5.667711 1215.734400 463.606200
5.684166 1143.072000 540.675000
5.700554 1167.542400 501.174000
5.717141 1165.113600 517.822200
