0.000000 -0.069697
0.065675 -0.012972
0.131398 0.009908
0.197123 0.010969
0.262786 -0.009094
0.328502 -0.007502
0.394222 -0.026549
0.459959 0.036854
0.525723 -0.012676
0.870802 0.026002
0.936372 -0.013391
1.002098 -0.019869
1.067815 -0.022038
1.133504 0.006687
1.199357 -0.009613
1.265061 0.027053
1.330708 -0.046842
1.396335 0.035012
1.462236 -0.149124
1.527804 -0.160353
1.593490 0.025936
1.659200 0.039045
1.724908 0.121202
1.790652 -0.154736
1.856328 0.024340
1.922107 -0.022420
1.987783 -0.023935
2.053538 0.021509
2.119216 -0.043969
2.184973 0.081041
2.250661 0.007452
2.316405 -0.001695
2.382100 -0.003333
2.447803 -0.025095
2.513451 0.001064
2.579225 0.011590
2.644895 -0.058172
2.710630 0.010462
2.776396 0.105258
2.841999 -0.040603
2.907732 -0.022700
2.973451 0.003532
3.039305 0.023112
3.104978 0.007341
3.170689 0.003418
3.236346 0.013981
3.302000 -0.010449
3.367783 -0.002299
3.433423 0.000626
3.499236 -0.002785
3.564840 -0.002688
3.630574 -0.031289
3.696313 0.016729
3.762082 -0.061271
3.827792 0.032014
3.893537 0.029040
3.959303 -0.012351
4.025010 0.048711
4.090645 0.083863
4.369905 -0.004583
4.435728 0.011885
4.501376 -0.033626
4.567020 0.020375
4.632845 -0.000167
4.698428 -0.023313
4.764302 0.019596
4.829866 0.033929
4.895644 0.000033
4.961325 -0.009033
5.027153 -0.009789
5.092769 -0.002010
5.158405 0.000844
5.224189 -0.017960
5.290043 -0.006529
5.355587 -0.045903
5.421291 -0.089719
5.486915 0.019616
5.552680 -0.003354
5.618394 0.012227
5.684087 -0.014770
5.749915 0.033350
5.815645 -0.010412
5.881315 0.014094
5.947019 0.025687
6.012695 -0.010303
6.078394 0.000214
6.144145 -0.052033
6.209994 0.015497
6.275571 -0.009106
6.341265 0.009687
6.407058 -0.006433
6.472710 0.018308
6.538394 -0.001036
6.604185 0.027279
6.669814 -0.071988
6.735625 0.212803
6.801265 -0.145550
7.113398 -0.104271
7.179182 0.004429
7.244920 0.001966
7.310542 -0.002551
7.376264 0.005750
7.441960 -0.018385
7.507739 -0.001729
7.573335 0.016603
7.639131 -0.002806
7.704905 -0.091252
7.770558 0.014615
7.836305 0.011825
7.901929 -0.005162
7.967672 0.005829
8.033430 -0.011505
8.099125 0.049619
8.164846 -0.085868
8.230556 -0.097667
8.296222 0.026426
8.362087 -0.003332
8.427704 -0.026814
8.493379 -0.004684
8.559050 -0.017827
8.624781 -0.014675
8.690590 -0.002299
8.756260 0.000957
8.822019 0.019553
8.887730 -0.021456
8.953510 0.017202
9.019140 -0.045354
9.084938 -0.133755
9.347622 0.180173
9.413407 0.003560
9.479111 0.012963
9.544858 -0.024832
9.610558 0.091427
9.676199 -0.019154
9.741969 0.040012
10.086944 -0.015547
10.152628 -0.015327
10.218372 -0.022636
10.284097 0.006535
10.349782 0.009677
10.415561 0.012814
10.481147 0.034136
10.546933 -0.042281
10.612655 0.443127
10.678372 0.029775
10.744046 0.019934
10.809782 -0.005579
10.875478 -0.000473
10.941173 -0.032177
11.006912 -0.007678
11.072752 0.001457
11.138378 0.013795
11.204021 -0.008884
11.269780 -0.013694
11.335450 0.007406
11.401153 -0.001847
11.466878 -0.006156
11.532594 -0.117612
11.811913 0.118667
11.877657 0.011437
11.943332 -0.029907
12.009020 -0.027022
12.074716 -0.025227
12.140497 -0.017276
12.206143 -0.011414
12.271920 0.011607
12.337751 0.013736
12.403338 0.015815
12.469055 -0.000017
12.534752 0.009466
12.600461 -0.018075
12.666150 0.012700
12.731864 -0.007298
12.797644 -0.001476
12.863345 0.007103
12.928947 0.007972
12.994722 0.004687
13.060481 -0.002665
13.126198 0.000609
13.191865 0.019294
13.257570 -0.018560
13.323276 0.020432
13.388979 0.000394
13.454714 0.027732
13.520432 -0.018210
13.586179 0.016717
13.651830 -0.014439
13.717568 -0.016417
13.783320 -0.025156
13.848967 -0.009449
13.914867 -0.001677
13.980393 -0.028562
14.046207 0.001153
14.111892 -0.020709
14.177624 -0.013336
14.243331 0.003392
14.308996 -0.007863
14.374769 0.005152
14.440446 0.035559
14.506375 -0.019651
14.572025 -0.029922
14.637691 0.014105
14.703245 -0.003572
14.769022 0.022882
14.834667 -0.096746
14.900491 0.227831
14.966216 -0.232511
15.245435 -0.058692
15.311085 -0.018625
15.376789 0.019034
15.442695 -0.022949
15.508265 0.004469
15.573965 -0.017299
15.639640 0.010770
15.705390 -0.152477
16.017520 0.009227
16.083239 -0.113017
16.148909 0.041030
16.214741 0.031388
16.280413 -0.002047
16.346079 -0.012713
16.411766 0.006562
16.477515 -0.004399
16.543249 -0.015900
16.608893 -0.016820
16.674661 0.013705
16.740370 -0.032946
16.806147 -0.008359
16.871793 -0.005348
16.937583 0.000397
17.003207 0.008903
17.069010 -0.005293
17.134619 0.001277
17.200374 -0.010447
17.266127 0.032063
17.331818 -0.004647
17.397495 -0.007140
17.463288 -0.009514
17.528902 -0.016350
17.594683 -0.027523
17.660415 -0.025401
17.726139 0.007311
17.791921 0.003267
17.857530 0.001834
17.923297 0.016996
17.989026 0.019876
18.054650 -0.042465
18.120310 -0.015185
18.186141 -0.019172
18.251827 0.008297
18.317560 0.007959
18.383247 -0.027147
18.448888 -0.027108
18.514594 -0.039482
18.580487 -0.057493
18.646120 -0.010003
18.711707 0.002572
18.777477 0.009953
18.843253 0.014176
18.908889 -0.060042
18.974617 -0.045140
19.040368 0.005789
19.106038 0.015516
19.171801 -0.007994
19.237495 0.010406
19.303169 -0.016372
19.368842 0.036392
19.434598 -0.072199
19.500401 0.290724
19.566001 -0.084435
19.828862 -0.110554
19.894682 -0.007123
19.960350 0.015697
20.026015 -0.020430
20.091751 0.004161
20.157533 0.010306
20.223121 -0.011123
20.288839 -0.002218
20.354600 -0.013268
20.420271 0.018294
20.486082 -0.029991
20.551741 0.098508
20.617461 -0.304512
20.683169 0.079370
20.748899 0.087793
20.814633 0.041820
20.880340 0.002383
20.946191 -0.029180
21.011668 0.000599
21.077418 -0.020882
21.143122 0.009846
21.208883 0.015340
21.274697 0.024454
21.340279 0.013797
21.406040 -0.023986
21.471746 0.012648
21.537417 -0.080413
21.603168 0.165172
