0.000000 315.456000 374.193000
0.016398 322.483200 386.364600
0.032922 312.460800 427.599000
0.049296 316.483200 483.278400
0.065675 316.483200 483.278400
0.082132 296.294400 348.062400
0.098621 303.398400 405.367200
0.114919 300.988800 398.930400
0.131398 238.992000 460.652400
0.147903 255.225600 309.717000
0.164324 239.577600 283.213800
0.180649 257.971200 245.133000
0.197123 243.993600 258.616800
0.213555 238.694400 251.877600
0.229976 269.481600 346.599000
0.246379 623.078400 355.438800
0.262786 625.977600 360.876600
0.279250 619.584000 309.366000
0.295753 722.380800 258.762600
0.312184 722.572800 259.675200
0.328502 646.608000 281.340000
0.345006 679.756800 311.704200
0.361464 683.116800 324.810000
0.377785 650.812800 282.970800
0.394222 618.844800 353.100600
0.410804 614.784000 340.286400
0.427103 666.460800 270.610200
0.443521 672.364800 296.076600
0.459959 673.363200 302.297400
0.476380 502.512000 189.043200
0.492820 530.265600 212.554800
0.509312 540.048000 240.926400
0.525723 535.497600 278.100000
0.542157 521.884800 268.666200
0.558550 520.406400 261.781200
0.574971 548.208000 333.428400
0.870802 542.774400 182.590200
0.887185 522.460800 196.943400
0.903557 525.782400 203.806800
0.920025 476.246400 186.942600
0.936372 508.636800 172.427400
0.952934 503.731200 158.247000
0.969229 491.817600 187.336800
0.985651 474.422400 180.770400
1.002098 474.422400 180.770400
1.018505 491.750400 196.786800
1.034922 502.704000 195.561000
1.051351 497.414400 180.894600
1.067815 709.881600 125.296200
1.084317 716.265600 71.479800
1.100728 715.382400 62.856000
1.117134 666.326400 96.028200
1.133504 661.392000 97.632000
1.150003 658.473600 89.191800
1.166385 698.044800 28.765800
1.182925 686.390400 0.000000
1.199357 689.856000 0.000000
1.215704 672.950400 49.874400
1.232156 693.072000 88.408800
1.248586 696.220800 104.058000
1.265061 726.787200 126.462600
1.281380 744.096000 158.711400
1.297781 738.960000 132.613200
1.314238 721.209600 138.763800
1.330708 720.384000 135.097200
1.347094 719.683200 127.218600
1.363479 717.254400 56.856600
1.379916 687.302400 65.982600
1.396335 688.137600 70.108200
1.412813 697.324800 74.563200
1.429283 696.086400 77.338800
1.445659 696.086400 77.338800
1.462236 682.790400 66.393000
1.478604 696.489600 51.948000
1.494941 696.489600 51.948000
1.511454 1156.089600 73.504800
1.527804 1338.931200 50.662800
1.544198 1333.161600 72.748800
1.560699 1290.000000 139.968000
1.577183 1325.798400 162.502200
1.593490 1326.787200 158.522400
1.609958 1330.137600 129.897000
1.626436 1355.846400 97.885800
1.642814 1359.628800 83.052000
1.659200 1352.736000 117.504000
1.675709 1361.356800 110.802600
1.692076 1358.899200 122.077800
1.708474 1333.488000 108.961200
1.724908 1311.542400 139.222800
1.741408 1316.342400 115.036200
1.757755 992.582400 287.739000
1.774248 835.440000 437.157000
1.790652 838.339200 453.670200
1.807237 887.817600 535.145400
1.823481 899.568000 548.289000
1.839920 900.854400 561.448800
1.856328 865.728000 572.081400
1.872738 886.761600 510.202800
1.889251 886.665600 515.014200
1.905702 888.988800 574.036200
1.922107 877.756800 530.728200
1.938471 878.937600 540.966600
1.954907 868.166400 591.613200
1.971409 876.537600 535.998600
1.987783 876.537600 535.998600
2.004184 903.254400 588.918600
2.020684 921.840000 594.437400
2.037101 921.840000 594.437400
2.053538 841.132800 411.048000
2.069953 806.745600 432.475200
2.086325 801.734400 399.205800
2.102783 784.099200 321.780600
2.119216 787.123200 329.518800
2.135652 780.604800 290.973600
2.152075 769.632000 286.529400
2.168478 751.161600 259.680600
2.184973 751.161600 259.680600
2.201353 1334.457600 455.938200
2.217748 1252.444800 402.116400
2.234176 1249.392000 415.173600
2.250661 1337.116800 437.583600
2.267027 1338.028800 422.355600
2.283475 1335.705600 427.766400
2.299970 1340.140800 475.529400
2.316405 1306.867200 462.731400
2.332782 1309.708800 454.906800
2.349173 1298.985600 435.850200
2.365673 1311.993600 412.538400
2.382100 1311.148800 415.470600
2.398523 1306.627200 450.457200
2.414931 1327.584000 441.590400
2.431381 1321.411200 459.837000
2.447803 1245.744000 508.971600
2.464204 1238.064000 373.404600
2.480631 1238.764800 370.159200
2.497141 1307.587200 285.244200
2.513451 1349.116800 259.286400
2.529941 1355.827200 237.907800
2.546342 1282.723200 270.653400
2.562749 1306.694400 275.675400
2.579225 1300.636800 296.827200
2.595628 1257.292800 359.062200
2.612136 1136.841600 346.388400
2.628483 1135.056000 366.957000
2.644895 827.788800 331.921800
2.661302 822.268800 312.849000
2.677737 820.752000 306.995400
2.694207 823.958400 320.959800
2.710630 840.297600 367.027200
2.727025 843.398400 385.581600
2.743433 858.240000 346.458600
2.759932 817.766400 337.510800
2.776396 814.118400 312.120000
2.792705 789.840000 317.903400
2.809179 693.168000 664.410600
2.825676 686.937600 649.015200
2.841999 673.574400 859.663800
2.858463 690.854400 890.508600
2.874896 696.048000 899.839800
2.891409 673.104000 900.417600
2.907732 648.720000 930.349800
2.924224 653.481600 938.179800
2.940624 690.076800 840.569400
2.957056 696.633600 863.730000
2.973451 697.315200 867.321000
2.990114 669.206400 837.972000
3.006283 713.068800 841.239000
3.022813 709.094400 831.805200
3.039305 675.456000 822.841200
3.055648 736.358400 776.493000
3.072100 736.358400 776.493000
3.088527 728.083200 839.073600
3.104978 743.558400 756.016200
3.121414 748.848000 770.094000
3.137787 684.931200 792.639000
3.154233 691.200000 793.060200
3.170689 681.763200 772.340400
3.187049 681.129600 738.736200
3.203584 677.827200 737.110800
3.219912 680.880000 744.611400
3.236346 667.641600 796.095000
3.252697 683.683200 822.576600
3.269126 690.172800 835.417800
3.285597 703.411200 780.143400
3.302000 813.542400 473.607000
3.318559 811.689600 468.045000
3.334832 792.316800 341.987400
3.351370 811.900800 364.100400
3.367783 811.612800 356.745600
3.384229 757.276800 348.321600
3.400633 778.521600 306.887400
3.417080 776.707200 301.152600
3.433423 792.105600 340.340400
3.449940 810.297600 403.277400
3.466305 814.147200 427.156200
3.482876 839.059200 388.859400
3.499236 844.147200 381.358800
3.515554 844.099200 375.192000
3.532027 839.568000 357.642000
3.548471 859.516800 323.379000
3.564840 858.163200 303.490800
3.581385 839.683200 339.854400
3.597783 795.715200 322.336800
3.614172 791.913600 302.832000
3.630574 797.270400 298.015200
3.647163 803.673600 301.995000
3.663528 806.160000 322.212600
3.679960 812.380800 304.165800
3.696313 808.176000 315.516600
3.712766 811.641600 335.021400
3.729297 839.740800 324.793800
3.745580 845.308800 328.239000
3.762082 843.772800 322.158600
3.778622 782.851200 311.293800
3.794941 781.344000 370.153800
3.811268 778.339200 353.851200
3.827792 693.024000 518.232600
3.844216 635.001600 538.758000
3.860598 634.041600 533.644200
3.877020 680.832000 614.649600
3.893537 680.947200 620.638200
3.909938 685.219200 632.885400
3.926394 662.784000 606.879000
3.942734 680.582400 624.304800
3.959303 680.582400 624.304800
3.975571 667.545600 566.103600
3.992074 656.486400 568.209600
4.008540 653.673600 562.906800
4.025010 669.062400 779.522400
4.041395 670.512000 772.432200
4.057795 664.992000 758.640600
4.074150 673.411200 767.334600
4.090645 693.158400 1014.784200
4.320694 641.587200 708.620400
4.337067 691.641600 727.018200
4.353599 698.889600 747.981000
4.369905 758.860800 797.704200
4.386408 742.320000 821.761200
4.402814 748.156800 837.664200
4.419209 690.691200 787.768200
4.435728 661.046400 786.196800
4.452042 661.046400 786.196800
4.468519 726.998400 778.847400
4.484897 735.811200 776.320200
4.501376 738.691200 784.555200
4.517781 672.201600 766.222200
4.534145 647.740800 786.504600
4.550657 647.740800 786.504600
4.567020 739.766400 812.505600
4.583416 734.294400 805.167000
4.599905 733.718400 801.003600
4.616315 700.368000 796.327200
4.632845 712.291200 774.154800
4.649177 709.382400 766.584000
4.665628 714.364800 752.328000
4.682064 758.179200 740.971800
4.698428 758.736000 745.216200
4.714937 689.452800 774.149400
4.731323 694.089600 796.813200
4.747712 697.200000 804.238200
4.764302 716.908800 818.251200
4.780541 706.848000 784.992600
4.797083 706.848000 784.992600
4.813493 724.540800 785.743200
4.829866 835.795200 833.700600
4.846293 835.795200 833.700600
4.862771 1265.222400 828.597600
4.879126 1227.417600 861.861600
4.895644 1233.379200 846.109800
4.912177 1245.878400 829.008000
4.928494 1215.321600 819.898200
4.944890 1219.276800 809.190000
4.961325 1252.425600 864.734400
4.977767 1263.782400 764.289000
4.994139 1261.065600 770.088600
5.010626 1283.683200 779.603400
5.027153 1011.264000 813.871800
5.043494 1012.080000 816.847200
5.059830 781.430400 846.406800
5.076293 768.508800 845.575200
5.092769 765.696000 834.381000
5.109145 741.753600 778.275000
5.125587 728.083200 762.274800
5.142027 728.419200 766.114200
5.158405 799.776000 833.517000
5.174894 779.308800 846.304200
5.191374 784.300800 864.637200
5.207724 822.115200 887.317200
5.224189 789.206400 886.820400
5.240578 785.961600 874.530000
5.257198 773.376000 852.433200
5.273484 765.465600 848.599200
5.290043 760.358400 831.594600
5.306292 750.700800 787.395600
5.322666 785.616000 857.925000
5.339314 783.734400 854.685000
5.355587 767.587200 830.001600
5.372030 754.300800 841.060800
5.388463 759.504000 857.968200
5.404815 951.993600 818.791200
5.421291 1222.704000 777.567600
5.437769 1216.742400 798.195600
5.454189 1312.339200 822.058200
5.470692 1247.606400 813.466800
5.486915 1251.139200 802.710000
5.503416 1249.056000 706.195800
5.519873 1265.731200 732.288600
5.536302 1269.926400 722.687400
5.552680 1243.996800 694.035000
5.569183 1261.862400 686.221200
5.585622 1262.515200 682.560000
5.601982 1251.177600 708.993000
5.618394 1222.099200 756.545400
5.634929 1220.611200 759.747600
5.651446 1302.364800 699.181200
5.667712 1248.998400 734.119200
5.684087 1248.345600 737.407800
5.700643 1260.460800 710.591400
5.717041 1248.844800 727.493400
5.733450 1245.302400 737.980200
5.749915 1291.065600 718.583400
5.766303 1268.793600 757.571400
5.782769 1268.793600 757.571400
5.799200 1090.195200 645.472800
5.815645 1114.598400 651.472200
5.832124 1113.244800 656.035200
5.848392 1141.276800 650.062800
5.864854 1121.462400 642.000600
5.881315 1121.558400 641.347200
5.897709 1084.070400 624.769200
5.914307 1093.497600 634.699800
5.930653 1096.214400 624.299400
5.947019 1093.267200 680.988600
5.963478 1142.179200 588.945600
5.979926 1143.840000 578.793600
5.996270 685.219200 890.929800
6.012695 693.004800 923.767200
6.029130 693.004800 923.767200
6.045553 704.246400 915.067800
6.061933 692.601600 925.333200
6.078394 692.601600 925.333200
6.094895 720.576000 927.720000
6.111268 743.318400 925.344000
6.127751 744.086400 928.605600
6.144145 733.094400 972.799200
6.160537 746.092800 991.256400
6.177014 743.625600 988.065000
6.193372 715.449600 957.096000
6.209994 502.051200 1011.160800
6.226300 501.705600 1010.815200
6.242668 513.984000 985.726800
6.259091 543.331200 986.256000
6.275571 543.331200 986.256000
6.292096 553.833600 970.390800
6.308390 559.392000 971.071200
6.324993 563.942400 976.633200
6.341265 549.206400 987.606000
6.357644 582.700800 993.799800
6.374370 591.043200 1003.357800
6.390520 927.820800 956.599200
6.407058 924.393600 937.947600
6.423573 923.990400 928.351800
6.439895 945.600000 970.412400
6.456292 955.478400 939.400200
6.472710 954.489600 936.684000
6.489166 952.627200 948.250800
6.505583 959.145600 944.276400
6.522004 958.944000 954.266400
6.538394 987.772800 977.173200
6.554922 962.476800 977.081400
6.571326 962.755200 982.492200
6.587707 966.441600 968.484600
6.604185 972.768000 955.168200
6.620585 972.768000 955.168200
6.636983 956.275200 986.893200
6.653582 991.795200 964.774800
6.669814 991.795200 964.774800
6.686333 972.249600 990.997200
6.702734 965.001600 992.763000
6.719165 965.001600 992.763000
6.735625 961.392000 1004.880600
6.752013 959.856000 960.843600
6.768413 959.856000 960.843600
6.784893 968.995200 1005.015600
6.801265 935.539200 1038.538800
6.817715 935.539200 1038.538800
7.080519 938.649600 888.051600
7.096997 978.182400 892.722600
7.113398 978.374400 874.130400
7.129835 1016.832000 854.388000
7.146292 1046.160000 830.655000
7.162723 1046.697600 824.266800
7.179182 767.817600 801.581400
7.195556 723.763200 847.098000
7.212073 730.080000 862.488000
7.228438 773.913600 788.562000
7.244920 763.785600 816.982200
7.261281 764.256000 820.594800
7.277781 737.558400 839.149200
7.294155 708.288000 818.083800
7.310542 711.283200 825.244200
7.326919 757.632000 847.735200
7.343393 734.236800 869.918400
7.359868 731.289600 862.714800
7.376264 774.816000 882.964800
7.392684 767.385600 814.968000
7.409171 764.908800 807.375600
7.425518 742.108800 809.568000
7.441960 727.180800 823.294800
7.458394 727.180800 823.294800
7.474794 685.200000 749.541600
7.491209 689.846400 825.865200
7.507739 692.294400 829.602000
7.524115 706.627200 755.087400
7.540574 678.537600 811.647000
7.557008 678.777600 812.160000
7.573335 702.854400 788.680800
7.589920 685.056000 794.723400
7.606210 681.705600 786.925800
7.622688 673.296000 803.736000
7.639131 705.494400 788.362200
7.655541 705.494400 788.362200
7.672036 728.899200 800.290800
7.688401 911.164800 612.181800
7.704905 911.568000 626.297400
7.721322 1036.080000 465.199200
7.737748 1039.516800 438.458400
7.754141 1038.998400 449.652600
7.770558 1039.228800 483.121800
7.787094 1034.332800 490.233600
7.803391 1035.052800 484.768800
7.820023 1056.633600 514.884600
7.836305 1055.625600 479.125800
7.852698 1056.278400 468.514800
7.869283 1030.617600 470.199600
7.885520 940.310400 388.238400
7.901929 939.878400 394.200000
7.918424 858.441600 384.966000
7.934847 846.585600 379.539000
7.951327 847.996800 385.387200
7.967672 851.078400 405.129600
7.984094 851.587200 327.445200
8.000502 848.812800 308.642400
8.017002 791.596800 274.017600
8.033430 810.345600 311.763600
8.049912 807.897600 295.131600
8.066297 804.844800 208.548000
8.082654 821.337600 232.756200
8.099125 819.225600 216.550800
8.115598 824.716800 240.370200
8.131998 858.777600 246.186000
8.148393 860.304000 255.382200
8.164846 807.014400 292.890600
8.181305 866.121600 297.199800
8.197723 867.955200 306.412200
8.214181 1318.032000 328.741200
8.230556 1360.051200 299.365200
8.246955 1366.022400 277.441200
8.263376 1363.248000 235.845000
8.279817 1394.256000 242.211600
8.296222 1389.840000 256.192200
8.312673 1350.624000 250.965000
8.329216 1323.686400 349.817400
8.345473 1315.996800 376.693200
8.362087 1339.267200 360.325800
8.378405 1336.742400 376.947000
8.394840 1334.371200 382.676400
8.411280 1340.544000 360.795600
8.427704 1360.089600 453.826800
8.444101 1356.278400 464.675400
8.460553 1197.456000 524.680200
8.477083 1261.929600 539.341200
8.493379 1268.649600 515.397600
8.509874 1246.963200 486.075600
8.526225 1228.694400 407.538000
8.542802 1230.134400 402.359400
8.559050 1240.771200 441.072000
8.575494 1237.334400 527.952600
8.591996 1234.800000 535.982400
8.608501 1235.299200 490.865400
8.624781 1263.244800 501.514200
8.641157 1263.446400 500.779800
8.657644 1232.313600 492.588000
8.674053 1246.752000 535.869000
8.690590 1250.083200 523.314000
8.706988 1238.304000 508.469400
8.723451 1293.379200 336.657600
8.739894 1290.268800 348.796800
8.756260 1301.251200 394.156800
8.772688 1286.534400 436.984200
8.789122 1279.344000 462.925800
8.805532 1283.088000 445.618800
8.822019 1304.352000 447.643800
8.838327 1314.326400 415.875600
8.854839 1315.267200 357.210000
8.871256 1315.622400 369.916200
8.887730 1318.694400 359.089200
8.904122 1340.256000 328.935600
8.920633 1301.443200 389.685600
8.936955 1292.160000 421.221600
8.953510 1189.036800 522.973800
8.969746 1185.648000 416.350800
8.986226 1187.433600 409.735800
9.002623 1186.099200 427.734000
9.019140 1199.088000 453.335400
9.035498 1201.680000 437.205600
9.051964 1195.843200 442.076400
9.068427 1209.878400 490.303800
9.084938 1210.512000 487.404000
9.101218 1192.012800 460.198800
9.117667 1202.102400 664.129800
9.134069 1199.894400 672.823800
9.347622 1235.721600 111.429000
9.364106 1237.689600 144.990000
9.380622 1237.689600 144.990000
9.396978 1244.918400 115.948800
9.413407 1147.900800 77.160600
9.429795 1147.900800 77.160600
9.446303 1101.916800 235.656000
9.462678 1123.766400 191.970000
9.479111 1126.473600 169.873200
9.495482 1101.744000 155.314800
9.511963 1113.724800 158.857200
9.528388 1116.153600 130.858200
9.544858 1091.990400 63.417600
9.561197 1037.491200 101.185200
9.577647 1036.531200 108.021600
9.594046 1082.678400 150.962400
9.610558 1126.579200 158.927400
9.626890 1126.963200 155.044800
9.643518 530.563200 124.875000
9.659905 523.190400 75.924000
9.676199 526.953600 83.829600
9.692628 503.942400 170.499600
9.709100 545.107200 150.492600
9.725660 546.384000 154.515600
9.741969 564.662400 119.545200
10.037660 758.246400 281.156400
10.054081 776.476800 242.578800
10.070502 778.608000 247.951800
10.086944 757.872000 270.804600
10.103321 771.043200 301.681800
10.119782 771.561600 313.108200
10.136173 733.900800 356.286600
10.152628 770.553600 366.924600
10.169206 775.036800 386.953200
10.185483 755.212800 369.273600
10.202012 747.408000 353.197800
10.218372 744.883200 341.107200
10.234833 754.502400 368.307000
10.251200 755.529600 266.198400
10.267597 755.529600 266.198400
10.284097 813.148800 304.268400
10.300504 777.100800 348.715800
10.316940 772.137600 326.667600
10.333406 729.753600 283.062600
10.349782 703.958400 227.529000
10.366171 706.732800 240.165000
10.382577 761.059200 359.310600
10.399144 752.467200 358.441200
10.415561 758.236800 386.910000
10.431950 764.236800 401.344200
10.448370 801.878400 376.385400
10.464725 801.465600 370.434600
10.481147 757.324800 315.624600
10.497651 747.062400 337.629600
10.514043 738.643200 296.411400
10.530533 697.593600 259.702200
10.546933 712.320000 230.796000
10.563357 712.934400 236.935800
10.579831 693.801600 269.713800
10.596220 709.344000 322.876800
10.612655 712.195200 335.118600
10.629058 1134.499200 326.754000
10.645476 1526.486400 278.996400
10.661934 1526.486400 278.996400
10.678372 1588.579200 360.352800
10.694779 1576.108800 375.710400
10.711295 1561.852800 402.937200
10.727623 1556.755200 390.835800
10.744046 1541.500800 386.877600
10.760572 1544.803200 378.934200
10.776919 1577.692800 385.117200
10.793313 1572.508800 410.734800
10.809782 1576.704000 403.623000
10.826150 1563.475200 355.892400
10.842756 1580.572800 345.065400
10.859047 1579.219200 347.722200
10.875478 1578.624000 334.735200
10.891915 1542.028800 349.396200
10.908361 1535.875200 362.226600
10.924754 1530.374400 399.783600
10.941173 1471.276800 536.117400
10.957616 1471.276800 536.117400
10.974052 1406.611200 496.373400
10.990550 1400.659200 483.591600
11.006912 1400.659200 483.591600
11.023408 1387.632000 489.213000
11.039708 1402.771200 499.726800
11.056147 1407.436800 488.413800
11.072752 1437.993600 505.170000
11.088996 1444.089600 456.829200
11.105502 1449.081600 445.419000
11.121900 1491.302400 458.632800
11.138378 1485.715200 495.914400
11.154830 1485.715200 495.914400
11.171172 1480.108800 395.101800
11.187658 1443.100800 437.221800
11.204021 1443.100800 437.221800
11.220467 1295.462400 417.457800
11.236894 1282.598400 427.491000
11.253345 1279.449600 439.144200
11.269780 1252.828800 432.550800
11.286153 1223.558400 461.365200
11.302648 1226.668800 447.341400
11.318995 1264.761600 419.407200
11.335450 1245.801600 386.694000
11.351927 1248.460800 374.916600
11.368322 1234.291200 400.415400
11.384780 1254.614400 415.654200
11.401153 1254.614400 415.654200
11.417627 1298.860800 386.105400
11.434165 1288.992000 348.678000
11.450453 1287.561600 354.844800
11.466878 1228.656000 352.306800
11.483301 1224.796800 362.755800
11.499813 1221.648000 378.367200
11.516299 1290.057600 409.066200
11.532594 1263.753600 434.062800
11.548995 1266.672000 422.463600
11.565474 1233.456000 548.926200
11.582048 1252.560000 0.000000
11.811913 1183.488000 550.076400
11.828343 1160.054400 536.587200
11.844776 1158.268800 541.749600
11.861242 1242.758400 483.483600
11.877657 1233.600000 488.521800
11.894101 1232.928000 493.354800
11.910509 1215.129600 528.892200
11.926894 1379.539200 513.588600
11.943332 1385.702400 496.708200
11.959682 1384.656000 478.078200
11.976324 1382.908800 466.230600
11.992706 1381.622400 470.858400
12.009020 1379.779200 505.494000
12.025427 1397.424000 489.834000
12.041951 1389.340800 508.118400
12.058337 1348.281600 526.408200
12.074716 1356.019200 556.777800
12.091175 1357.104000 553.996800
12.107637 1382.736000 510.132600
12.124073 1393.305600 559.024200
12.140497 1400.064000 544.293000
12.156950 1596.211200 667.747800
12.173362 1588.972800 664.232400
12.189725 1581.043200 675.097200
12.206143 1557.523200 688.219200
12.222685 1572.758400 684.558000
12.239073 1566.432000 693.214200
12.255449 1587.849600 680.151600
12.271920 1588.780800 677.835000
12.288251 1591.939200 673.277400
12.304804 1590.844800 682.338600
12.321224 1598.534400 670.960800
12.337751 1598.976000 670.361400
12.354076 1580.217600 867.898800
12.370480 1634.649600 801.964800
12.386950 1631.222400 806.257800
12.403338 1606.387200 829.440000
12.419794 1601.472000 820.951200
12.436229 1607.808000 814.158000
12.452563 1582.627200 798.325200
12.469055 1590.172800 837.723600
12.485546 1593.273600 834.148800
12.501881 1603.238400 839.392200
12.518295 1604.371200 844.257600
12.534752 1591.488000 857.514600
12.551204 1582.166400 921.159000
12.567578 1555.372800 847.708200
12.584023 1552.521600 851.752800
12.600461 1169.452800 906.967800
12.616831 1196.515200 893.894400
12.633293 1199.587200 884.104200
12.649786 1223.961600 852.708600
12.666150 1133.059200 867.034800
12.682591 1134.691200 863.449200
12.699132 1159.872000 856.872000
12.715428 1176.393600 837.372600
12.731864 1178.390400 833.932800
12.748401 1137.446400 830.811600
12.764723 1133.712000 835.450200
12.781158 1131.417600 841.525200
12.797644 1148.611200 836.654400
12.814070 1147.680000 859.561200
12.830554 1144.041600 873.892800
12.846892 1128.931200 877.840200
12.863345 1146.144000 882.311400
12.879722 1151.164800 868.438800
12.896147 965.472000 929.782800
12.912597 817.430400 945.712800
12.928947 812.582400 931.473000
12.945420 834.864000 930.587400
12.961830 846.432000 929.890800
12.978291 847.996800 939.367800
12.994722 785.731200 949.487400
13.011180 833.548800 948.024000
13.027626 836.361600 956.399400
13.043979 857.923200 982.837800
13.060481 809.260800 982.503000
13.076938 809.500800 985.845600
13.093253 855.782400 981.180000
13.109755 833.865600 993.934800
13.126198 833.760000 993.551400
13.142599 819.628800 991.996200
13.159017 831.043200 997.277400
13.175416 829.286400 991.774800
13.191865 833.577600 989.091000
13.208350 828.288000 988.243200
13.224691 828.288000 988.243200
13.241214 829.718400 988.372800
13.257570 829.795200 966.000600
13.274031 831.552000 971.789400
13.290449 821.644800 961.869600
13.306843 825.321600 966.778200
13.323276 825.004800 964.105200
13.339762 710.985600 568.441800
13.356203 785.404800 339.400800
13.372667 783.369600 333.352800
13.388979 776.515200 341.328600
13.405469 798.969600 373.372200
13.421866 800.985600 385.171200
13.438244 743.260800 365.434200
13.454714 756.480000 271.512000
13.471168 753.302400 243.124200
13.487539 792.182400 134.163000
13.504093 796.310400 62.510400
13.520432 794.486400 55.301400
13.536870 737.702400 148.354200
13.553336 773.539200 131.598000
13.569675 776.332800 155.098800
13.586179 788.227200 154.121400
13.602578 831.590400 139.773600
13.619080 833.251200 146.880000
13.635534 835.075200 155.665800
13.651830 828.672000 174.117600
13.668298 829.008000 181.942200
13.684889 779.865600 183.060000
13.701155 876.883200 119.291400
13.717568 876.796800 118.222200
13.733962 1110.556800 136.425600
13.750399 1141.948800 125.577000
13.766851 1143.609600 110.284200
13.783320 1133.366400 92.464200
13.799682 1157.184000 105.726600
13.816170 1155.379200 121.062600
13.832570 1124.985600 171.493200
13.848967 1162.320000 158.473800
13.865602 1162.320000 158.473800
13.881830 1117.248000 138.202200
13.898296 1138.665600 103.971600
13.914867 1140.259200 88.468200
13.931180 1132.646400 130.356000
13.947594 1140.729600 127.056600
13.964156 1139.164800 142.090200
13.980393 1126.262400 154.310400
13.996826 1142.064000 145.513800
14.013297 1143.657600 138.277800
14.029698 1142.256000 61.916400
14.046207 1428.384000 90.250200
14.062499 1437.312000 61.041600
14.079031 1362.537600 85.590000
14.095459 1340.803200 80.767800
14.111892 1337.212800 95.623200
14.128320 1368.710400 92.253600
14.144773 1331.942400 61.938000
14.161148 1326.009600 84.477600
14.177624 1344.384000 71.960400
14.194078 1364.812800 93.177000
14.210454 1365.081600 92.107800
14.226876 1378.387200 81.799200
14.243331 1428.249600 85.417200
14.259714 1432.934400 69.913800
14.276173 1390.963200 129.232800
14.292541 1382.563200 136.852200
14.308996 1382.563200 136.852200
14.325532 1357.180800 121.678200
14.341830 1336.377600 136.846800
14.358283 1336.377600 136.846800
14.374769 1320.950400 119.593800
14.391097 1337.798400 99.284400
14.407586 1336.166400 107.562600
14.424051 1345.123200 121.537800
14.440446 1372.118400 103.890600
14.456894 1373.260800 96.768000
14.473270 1084.108800 112.190400
14.489721 887.520000 113.059800
14.506375 887.443200 112.023000
14.522634 859.632000 115.614000
14.539056 873.331200 120.328200
14.555419 873.331200 120.328200
14.572025 894.912000 89.634600
14.588334 882.643200 85.714200
14.604922 882.643200 85.714200
14.621118 855.897600 132.462000
14.637691 744.883200 76.145400
14.654012 744.451200 68.094000
14.670421 452.131200 119.394000
14.686804 453.801600 140.432400
14.703245 454.195200 141.442200
14.719713 441.667200 140.378400
14.736176 444.912000 157.550400
14.752576 450.796800 172.481400
14.769022 530.995200 186.300000
14.785397 517.747200 188.595000
14.801865 514.137600 180.910800
14.818250 505.219200 119.491200
14.834667 482.016000 187.920000
14.851121 487.104000 201.582000
14.867651 447.436800 212.295600
14.884006 499.612800 215.179200
14.900491 499.612800 215.179200
14.916920 516.883200 172.870200
14.933306 529.228800 148.289400
14.949735 527.808000 140.724000
14.966216 495.590400 218.797200
14.982544 447.936000 0.000000
15.212676 570.307200 104.414400
15.229023 561.523200 62.883000
15.245435 562.617600 70.918200
15.261867 486.988800 117.207000
15.278311 507.686400 159.802200
15.294675 511.046400 166.352400
15.311085 537.820800 192.612600
15.327544 546.441600 221.788800
15.343957 538.320000 200.491200
15.360391 502.838400 133.477200
15.376789 510.163200 110.322000
15.393296 509.817600 109.269000
15.409769 419.865600 151.745400
15.426142 502.896000 127.807200
15.442695 508.195200 143.175600
15.458990 628.224000 141.814800
15.475413 666.672000 168.858000
15.491812 670.320000 184.210200
15.508265 637.276800 166.082400
15.524745 644.736000 179.620200
15.541216 644.736000 179.620200
15.557557 634.358400 189.966600
15.573965 642.268800 195.253200
15.590452 642.268800 195.253200
15.606844 621.792000 186.327000
15.623267 621.561600 171.882000
15.639640 621.561600 171.882000
15.656163 609.782400 201.884400
15.672519 653.683200 245.467800
15.688957 649.900800 230.790600
15.705390 693.369600 175.581000
15.721873 599.481600 106.515000
15.738206 595.228800 90.741600
16.001248 799.545600 100.531800
16.017520 900.374400 89.029800
16.033996 901.353600 104.662800
16.050424 879.609600 185.144400
16.066767 876.384000 156.789000
16.083239 878.006400 164.932200
16.099817 868.540800 130.032000
16.116171 860.361600 118.702800
16.132537 859.046400 111.780000
16.148909 531.830400 159.683400
16.165502 472.300800 207.727200
16.181874 477.657600 221.659200
16.198333 489.542400 173.307600
16.214741 484.732800 205.605000
16.231113 484.732800 205.605000
16.247527 462.211200 213.840000
16.263913 461.385600 198.801000
16.280413 461.385600 198.801000
16.296833 455.913600 169.948800
16.313320 458.582400 194.518800
16.329676 458.582400 194.518800
16.346079 439.392000 170.397000
16.362620 453.388800 218.354400
16.378949 453.388800 218.354400
16.395432 451.267200 180.435600
16.411766 468.163200 202.375800
16.428212 468.163200 202.375800
16.444727 473.347200 202.165200
16.461141 498.758400 237.621600
16.477515 493.219200 222.777000
16.493913 508.070400 157.944600
16.510425 536.630400 195.026400
16.526904 535.267200 187.558200
16.543249 442.128000 174.474000
16.559640 404.294400 182.088000
16.576148 404.726400 183.103200
16.592515 416.044800 195.129000
16.608893 471.734400 117.784800
16.625395 474.057600 131.511600
16.641897 404.832000 177.487200
16.658298 422.102400 190.776600
16.674661 431.481600 211.150800
16.691114 448.272000 240.753600
16.707501 485.184000 201.063600
16.724125 480.595200 188.870400
16.740370 614.966400 153.603000
16.756802 601.353600 154.818000
16.773365 601.353600 154.818000
16.789697 628.828800 169.484400
16.806147 624.988800 120.355200
16.822529 624.988800 120.355200
16.838993 689.126400 179.857800
16.855404 639.744000 179.371800
16.871793 635.779200 163.922400
16.888239 612.508800 87.188400
16.904766 650.726400 195.134400
16.921173 646.128000 172.994400
16.937583 383.568000 124.713000
16.953951 481.334400 127.850400
16.970390 476.361600 113.826600
16.986833 413.529600 131.058000
17.003207 452.544000 142.182000
17.019640 454.147200 149.499000
17.036047 466.790400 23.457600
17.052511 464.265600 74.962800
17.069010 473.280000 97.745400
17.085407 459.974400 160.223400
17.101811 681.014400 158.803200
17.118200 682.128000 167.211000
17.134619 752.707200 170.694000
17.151083 786.643200 199.546200
17.167546 785.827200 182.460600
17.183983 760.963200 134.379000
17.200374 686.620800 54.847800
17.216789 681.350400 40.662000
17.233240 740.016000 84.396600
17.249663 724.444800 103.188600
17.266127 730.329600 135.048600
17.282506 781.689600 172.459800
17.298976 786.460800 115.187400
17.315365 784.233600 99.613800
17.331818 817.430400 79.018200
17.348217 742.473600 73.321200
17.364673 739.257600 54.259200
17.381182 878.793600 75.783600
17.397495 849.590400 100.078200
17.413889 849.590400 100.078200
17.430485 888.480000 122.385600
17.446872 888.796800 91.708200
17.463288 890.131200 110.165400
17.479819 899.049600 126.964800
17.496079 891.168000 123.049800
17.512493 892.252800 138.294000
17.528902 891.148800 196.889400
17.545333 870.700800 179.290800
17.561790 872.054400 194.421600
17.578241 871.142400 196.203600
17.594683 890.774400 153.160200
17.611173 889.651200 137.532600
17.627496 814.368000 198.023400
17.643956 820.060800 173.734200
17.660415 820.060800 173.734200
17.676827 1110.460800 157.917600
17.693265 1108.118400 181.537200
17.709672 1108.118400 181.537200
17.726139 1089.139200 134.859600
17.742615 1112.764800 131.301000
17.758957 1115.376000 115.306200
17.775390 1089.014400 99.873000
17.791921 1091.078400 47.136600
17.808208 1091.654400 31.417200
17.824638 1091.414400 38.388600
17.841093 1084.185600 79.763400
17.857530 1084.521600 88.468200
17.873949 1137.993600 58.271400
17.890423 1089.110400 58.082400
17.906787 1088.160000 66.187800
17.923297 1118.793600 65.982600
17.939627 1090.627200 115.333200
17.956112 1088.534400 145.297800
17.972439 1097.683200 140.977800
17.989026 1119.177600 126.370800
18.005369 1122.432000 110.651400
18.021909 1306.300800 56.084400
18.038245 1409.443200 0.000000
18.054650 1413.254400 0.000000
18.071040 1396.281600 31.876200
18.087428 1395.446400 108.664200
18.103912 1390.800000 124.788600
18.120310 1334.025600 154.963800
18.136798 1348.790400 153.084600
18.153299 1348.790400 153.084600
18.169619 1374.729600 184.042800
18.186141 1390.425600 194.594400
18.202540 1388.592000 202.672800
18.218890 1346.256000 145.562400
18.235392 1339.612800 138.526200
18.251827 1343.136000 124.448400
18.268240 1337.510400 123.811200
18.284635 1329.744000 127.245600
18.301120 1331.116800 118.875600
18.317560 1324.272000 45.932400
18.333898 1331.280000 73.855800
18.350351 1327.900800 88.295400
18.366809 1538.208000 113.302800
18.383247 1490.332800 106.774200
18.399734 1484.784000 122.428800
18.416079 1565.568000 119.161800
18.432515 1551.571200 92.156400
18.448888 1551.571200 92.156400
18.465333 1550.976000 84.515400
18.481748 1556.102400 88.317000
18.498120 1559.366400 81.216000
18.514594 1533.907200 65.491200
18.531036 1508.400000 45.165600
18.547538 1516.550400 21.211200
18.563890 1474.780800 73.483200
18.580487 1318.800000 416.529000
18.596749 1315.507200 427.453200
18.613185 1137.667200 673.720200
18.629638 1142.102400 683.305200
18.646120 1140.393600 692.474400
18.662489 1095.590400 706.131000
18.678966 1137.609600 716.331600
18.695440 1138.876800 712.060200
18.711707 1146.816000 696.670200
18.728267 1130.208000 684.277200
18.744676 1133.184000 666.846000
18.761194 1116.000000 668.849400
18.777477 1146.499200 653.572800
18.793936 1145.174400 657.865800
18.810286 1151.731200 575.753400
18.826765 1148.947200 571.276800
18.843253 1145.510400 591.219000
18.859566 1141.526400 621.653400
18.876101 1125.993600 623.068200
18.892546 1125.993600 623.068200
18.908889 1145.548800 663.611400
18.925456 1156.944000 663.033600
18.941764 1160.179200 649.155600
18.958186 1148.601600 618.051600
18.974617 876.412800 728.001000
18.991119 875.251200 720.246600
19.007513 821.913600 723.162600
19.023890 923.664000 719.425800
19.040368 923.155200 704.165400
19.056837 914.736000 681.258600
19.073276 890.745600 669.351600
19.089662 888.336000 656.877600
19.106038 930.528000 673.515000
19.122546 887.769600 704.824200
19.138929 890.198400 723.594600
19.155373 884.880000 656.920800
19.171801 891.936000 671.932800
19.188250 892.876800 684.811800
19.204660 921.456000 701.082000
19.221113 942.297600 705.628800
19.237495 943.660800 718.475400
19.253940 959.625600 705.612600
19.270294 972.537600 726.499800
19.286744 972.710400 704.845800
19.303169 964.444800 673.228800
19.319642 949.881600 647.211600
19.336047 948.873600 642.573000
19.352558 926.899200 685.659600
19.368842 889.622400 669.481200
19.385294 890.630400 683.672400
19.401808 898.809600 719.463600
19.418174 899.164800 715.257000
19.434598 899.174400 710.553600
19.451133 907.737600 732.677400
19.467444 902.457600 723.189600
19.483885 901.584000 715.467600
19.500401 942.220800 697.474800
19.516802 922.675200 668.984400
19.533256 922.723200 673.277400
19.549541 1096.492800 556.902000
19.566001 1015.372800 1002.456000
19.582551 1015.977600 1007.046000
19.796068 1097.040000 696.443400
19.812473 1098.921600 651.299400
19.828862 1100.140800 641.644200
19.845243 1100.390400 634.375800
19.861755 1092.614400 622.166400
19.878171 1093.718400 612.505800
19.894682 1101.964800 631.886400
19.911135 1088.035200 626.702400
19.927471 1088.035200 626.702400
19.943888 1124.553600 572.653800
19.960350 1123.862400 575.872200
19.976730 1122.393600 585.954000
19.993177 1110.019200 576.774000
20.009630 1112.496000 627.058800
20.026015 1112.496000 627.058800
20.042458 1119.484800 608.056200
20.058935 1093.286400 573.550200
20.075292 1094.304000 568.803600
20.091751 839.116800 717.919200
20.108157 870.220800 703.528200
20.124543 870.220800 708.615000
20.141084 876.019200 731.246400
20.157533 822.604800 771.940800
20.173889 824.179200 775.785600
20.190373 837.139200 792.558000
20.206797 854.630400 783.361800
20.223121 851.587200 771.638400
20.239621 811.776000 821.799000
20.256021 861.235200 744.886800
20.272477 859.449600 734.454000
20.288839 667.574400 820.098000
20.305321 670.032000 748.580400
20.321850 673.401600 756.545400
20.338208 679.891200 783.934200
20.354600 707.952000 830.347200
20.370994 711.734400 839.359800
20.387419 688.454400 824.482800
20.403868 685.900800 818.656200
20.420271 685.900800 818.656200
20.436778 734.524800 895.930200
20.453174 693.849600 749.644200
20.469632 696.201600 753.715800
20.486082 696.518400 772.065000
20.502455 687.408000 822.484800
20.518921 683.126400 810.793800
20.535359 699.705600 829.186200
20.551741 711.216000 821.307600
20.568219 702.153600 801.441000
20.584624 684.883200 715.105800
20.600992 673.353600 688.078800
20.617461 677.635200 701.443800
20.633972 717.609600 785.284200
20.650344 697.286400 792.477000
20.666711 703.392000 804.940200
20.683169 909.177600 1080.000000
20.699599 951.292800 1080.000000
20.716065 950.227200 1080.000000
20.732370 995.827200 1080.000000
20.748899 972.288000 1080.000000
20.765298 972.902400 1080.000000
20.781719 1002.796800 1080.000000
20.798250 1011.782400 1080.000000
20.814633 1011.772800 1080.000000
20.831057 997.728000 1080.000000
20.847395 1015.612800 1080.000000
20.863827 1015.958400 1080.000000
20.880340 956.649600 1080.000000
20.896738 1216.934400 1080.000000
20.913203 1215.168000 1080.000000
20.929614 1367.692800 690.665400
20.946191 1330.790400 734.940000
20.962468 1327.248000 742.753800
20.978803 1324.387200 719.976600
20.995331 1322.073600 750.076200
21.011668 1327.996800 738.201600
21.028251 1305.552000 717.368400
21.044703 1354.934400 662.839200
21.061029 1354.675200 663.433200
21.077418 1368.528000 616.577400
21.093889 1378.598400 644.846400
21.110325 1374.412800 653.977800
21.126862 1287.408000 608.072400
21.143122 1282.857600 604.103400
21.159593 1282.857600 604.103400
21.176043 1255.785600 630.509400
21.192395 1275.283200 620.902800
21.208883 1275.283200 620.902800
21.225335 1265.184000 627.928200
21.241696 1291.958400 591.969600
21.258146 1291.958400 591.969600
21.274697 1220.246400 642.621600
21.291018 1280.035200 645.953400
21.307503 1278.009600 650.305800
21.323889 1302.086400 697.582800
21.340279 1326.835200 701.897400
21.356770 1327.094400 701.292600
21.373173 1253.376000 601.830000
21.389697 1212.604800 606.177000
21.406040 1212.604800 606.177000
21.422451 1188.489600 585.581400
21.438924 1155.984000 620.433000
21.455512 1157.356800 615.319200
21.471746 1145.472000 578.059200
21.488135 1220.822400 560.606400
21.504538 1228.454400 529.194600
21.521025 1210.886400 540.156600
21.537417 1072.857600 611.398800
21.553887 1072.060800 620.335800
21.570203 1043.683200 632.048400
21.586713 1004.304000 653.761800
21.603168 1003.497600 657.990000
