0.000000 20.092671 7.425701
0.016474 16.091783 6.745454
0.032904 8.274615 4.783705
0.049375 0.221548 2.137788
0.065786 -4.089064 0.165114
0.082249 0.441832 0.397699
0.098624 0.037865 -1.349152
0.115158 -0.137406 -1.837358
0.131459 0.244041 -0.845818
0.147841 0.192547 -0.613675
0.164511 -0.475681 -0.239170
0.180739 -0.664203 -0.355821
0.197191 -0.268729 -0.477035
0.213566 -0.908315 0.130187
0.230135 -0.000119 -0.238405
0.246449 1.188960 -0.627356
0.263036 1.964548 -1.042744
0.279294 2.529348 -2.084704
0.295755 2.181545 -3.066734
0.312153 3.071842 -2.489734
0.328565 1.352939 -3.410037
0.345099 -2.499304 -2.663367
0.361499 -5.478152 -1.181320
0.377896 -6.373329 0.005802
0.394473 -7.218587 0.350686
0.410781 -6.434509 -0.723176
0.427202 -3.737224 -1.454592
0.443624 -0.992582 -0.964842
0.460099 0.557468 -0.357611
0.476565 0.239719 -0.206233
0.492875 0.664105 2.254236
0.509354 1.505216 3.312685
0.525756 0.619015 2.794547
0.542147 -1.270452 0.433668
0.558631 -2.969345 -1.182595
0.574995 -3.920523 -1.720574
0.591474 -4.321879 -1.817485
0.607926 -3.455853 -1.224016
0.624308 -1.437960 -0.748420
0.640794 -0.351315 -0.010109
0.657231 0.358645 0.436300
0.673610 -0.246148 0.467745
0.689996 -0.560392 -0.194983
0.706555 -0.802550 -0.931671
0.722966 -0.835186 -1.502564
0.739347 -0.653823 -1.637080
0.755932 -2.049013 -1.420234
0.772123 -0.173216 -1.286059
0.788675 3.310576 -0.205695
0.805020 7.041344 0.903787
0.821513 8.776751 1.983802
0.838118 8.752405 2.500200
0.854314 7.230579 2.674432
0.870749 3.836534 1.959599
0.887124 0.389318 1.170864
0.903677 -0.210098 0.455227
0.920103 0.110003 -0.419541
0.936498 -1.638039 -0.797718
0.952874 -3.654404 -1.115498
0.969316 -5.027748 -0.915004
1.232281 -4.153712 -0.303292
1.248596 -2.232544 0.519984
1.264995 -0.497149 0.983929
1.281433 1.387340 1.136954
1.297900 1.820443 0.208308
1.314514 -1.032570 -1.031181
1.330803 -1.602372 -1.992425
1.347127 -1.615417 -2.174885
1.363598 -0.667468 -1.315830
1.380169 0.365653 -0.451750
1.396439 0.061284 -0.140252
1.412874 -0.142677 0.063381
1.429353 1.098699 -0.621229
1.445720 2.775458 -1.393443
1.462283 3.401374 -1.831115
1.478605 3.956230 -2.007774
1.495066 2.918807 -2.068587
1.511534 1.907754 -0.559619
1.527918 0.381145 1.368575
1.544274 -0.496551 3.801043
1.560732 -0.144648 4.212122
1.577229 0.843198 3.607039
1.593682 -0.820493 2.624600
1.610007 1.136963 1.840886
1.626428 4.849382 0.150818
1.642877 8.486850 -1.482018
1.659405 10.586534 -2.069665
1.675779 9.594962 -2.885290
1.692304 6.746884 -3.216677
1.708542 2.582550 -3.172090
1.725065 -0.959219 -0.608371
1.741571 -3.200973 2.101219
1.757888 -0.778346 3.243020
1.774381 -0.118843 2.585441
1.790691 0.832483 1.753263
1.807173 1.209347 -0.197054
1.823647 1.383008 -2.209963
1.840065 1.200706 -3.644213
1.856499 0.575309 -3.391341
1.872853 0.221239 -2.424240
1.889315 0.149799 -1.097173
1.905797 -0.065559 -0.361453
1.922358 -0.265708 1.146478
1.938606 -1.531732 2.032772
1.954997 -0.714520 2.580683
1.971600 0.887414 3.210284
1.987916 2.388827 3.278925
2.004265 3.601261 2.918956
2.020733 3.896210 1.903086
2.037118 2.937963 0.939762
2.053612 1.359620 0.084565
2.070022 -0.026301 -0.421575
2.086438 -1.012523 -1.272069
2.102853 0.152204 -1.550048
2.119250 0.377067 -1.878471
2.135691 1.403583 -3.767777
2.152125 0.889386 -1.165234
2.168543 -0.047553 3.885987
2.185099 -0.612169 8.515813
2.201530 -1.293071 12.105538
2.217873 -2.163181 12.206762
2.234316 -2.293666 9.504899
2.250908 -1.487798 5.050156
2.267166 -0.527755 -0.270193
2.283555 -0.087655 -3.870149
2.300030 0.298481 -0.574309
2.316439 0.533433 -1.437857
2.332921 -0.169196 -2.928361
2.349412 -1.890113 -4.808769
2.365767 -2.907528 -6.198266
2.382189 -2.865522 -5.439755
2.398624 -2.249053 -4.826789
2.415190 -1.247508 -3.125988
2.431552 -0.104613 -0.702580
2.447872 0.731669 0.757726
2.464284 0.152740 -0.995623
2.480804 0.123225 -0.820514
2.497141 -0.284407 -1.052401
2.513521 0.074347 -0.041399
2.530033 1.658955 0.644682
2.546442 0.421489 -0.415310
2.562854 -1.799202 -0.144160
2.579345 -4.114886 0.248299
2.595780 -5.315971 -1.099350
2.612207 -5.350301 -1.883031
2.628622 -4.054763 -2.353542
2.645064 -2.481754 -1.304523
2.661430 0.063084 0.085805
2.678042 0.368281 1.498657
2.694289 0.194034 0.752341
2.710726 3.105960 -0.567408
2.727154 6.481670 -3.154720
2.743642 8.050832 -5.665723
2.760034 7.577356 -4.978070
2.776599 5.212403 -2.583151
2.792895 2.166058 0.773013
2.809247 -0.476000 2.976382
2.825750 -2.392839 4.147872
2.842188 -1.099915 2.966016
2.858637 -0.380303 1.693395
2.874997 0.091975 0.479261
2.891448 -0.635012 0.459809
2.908063 -1.260761 0.333713
2.924278 -2.020186 -0.064837
2.940667 -2.148780 -1.270562
2.957252 -2.351262 -1.316719
2.973569 -1.823709 -0.290701
2.990049 -0.289333 0.678323
3.006537 -0.556797 1.282382
3.022869 -1.424073 1.474248
3.039286 -3.255114 0.758298
3.055749 -4.590073 -0.774478
3.072122 -5.128718 -1.812082
3.088568 -4.164374 -2.416493
3.105031 -2.372076 -2.116276
3.121394 -0.334272 -2.397193
3.137852 1.622067 -2.760988
3.154271 1.167967 -2.446407
3.170749 0.492505 -1.181278
3.187124 -0.391731 0.114382
3.203623 -0.839579 1.987625
3.219978 0.260595 3.317479
3.236464 0.218377 2.930650
3.252827 -0.952696 1.253093
3.269255 -2.590118 -0.502668
3.285761 -3.245218 -2.557771
3.302147 -3.869451 -2.511464
3.318741 -2.732397 -0.439031
3.334995 -1.105976 1.592438
3.351495 0.518598 3.507041
3.367871 1.466968 3.831103
3.384300 0.294604 2.694703
3.400685 -0.188812 1.184749
3.417199 -1.903393 -0.198651
3.433596 -0.048076 -0.667598
3.449992 2.463855 0.046122
3.466374 4.812109 -0.182861
3.482874 6.090681 -1.145277
3.499285 6.615206 -1.632513
3.515810 5.461261 -1.835449
3.532161 2.981559 -2.032777
3.548555 0.084333 -1.564455
3.564990 -1.886275 -0.612548
3.581404 -0.466751 0.045755
3.597919 -0.544174 0.090986
3.614253 2.034686 -1.177237
3.630716 0.403450 0.150647
3.647101 -4.200481 2.853943
3.663608 -9.118959 4.392812
3.680097 -12.417217 6.574362
3.696389 -13.354067 7.954559
3.712798 -11.488008 7.364308
3.729272 -6.559916 4.692029
3.745697 -1.428787 1.723354
3.762161 1.947200 -0.107583
3.778577 0.340585 0.888601
3.795029 0.198336 0.520085
3.811511 0.505916 0.012760
3.827891 0.433362 1.409195
3.844251 -0.007299 1.133242
3.860632 -0.160806 1.199513
3.877160 0.111874 0.469632
3.893582 -0.071585 -0.493428
3.910008 0.200714 -1.790428
3.926402 0.227122 -2.676114
3.942777 -0.016718 -2.964634
3.959273 -0.572696 -2.489575
3.975710 -0.909264 -1.451703
3.992279 -0.467562 -0.717758
4.008527 1.114855 0.833330
4.024936 1.098500 0.293339
4.041546 -0.062941 -1.204416
4.057859 -1.688309 -2.764810
4.074358 -3.179079 -3.394186
4.090790 -3.840459 -4.104001
4.107071 -3.732422 -4.383293
4.123552 -1.844521 -3.295661
4.139977 0.304288 -0.960061
4.156485 1.593988 1.140296
4.172912 1.303398 1.988180
4.189243 1.092409 2.737472
4.205730 0.418350 3.086717
4.222171 -0.038209 2.863698
4.238599 -0.474484 1.472879
4.255000 -0.634399 -0.713855
4.271438 -0.319640 2.655476
4.287911 0.514702 0.402931
4.304336 1.175896 -1.867354
4.320884 1.028453 -2.931536
4.337135 -1.151667 -3.674800
4.353542 -1.655868 -2.853877
4.583504 1.134637 -0.193498
4.600026 4.248700 2.588425
4.616409 7.573442 5.143493
4.632966 9.829255 6.542018
4.649298 9.894881 1.085830
4.665631 7.150170 0.683823
4.682072 3.428984 -0.327310
4.698578 0.887495 -0.735754
4.714911 0.176201 0.656076
4.731497 -0.107785 1.690130
4.747859 -1.502624 1.809241
4.764244 -1.340800 0.695990
4.780701 -0.765103 -0.858182
4.797127 0.437496 -2.425960
4.813516 1.226264 -2.888316
4.830033 1.760467 -2.385041
4.846451 1.962819 -0.776808
4.862818 0.648448 0.629387
4.879275 -0.615092 1.011224
4.895705 -2.103245 0.889243
4.912113 -2.730541 -0.454377
4.928553 -1.499490 -0.541851
4.944988 -1.033950 -0.050607
4.961467 2.408418 0.692097
4.977852 6.973128 1.947214
4.994343 9.828101 2.885463
5.010625 10.085219 2.622910
5.027052 8.514442 1.363266
5.043523 6.073637 -0.470981
5.059959 3.053820 -1.837889
5.076376 0.820242 -1.917272
5.092880 -1.186769 -1.634480
5.109280 -0.312617 -0.527382
5.125747 -0.725573 0.916918
5.142214 -0.291354 1.729110
5.158575 -0.305195 0.494473
5.174989 -0.338117 -0.790827
5.191351 -0.485315 -0.922574
5.207811 -1.024829 -0.794323
5.224247 -1.264244 -0.561594
5.240679 -1.490995 -0.278306
5.257099 -1.267858 0.018596
5.273553 -0.646077 -0.255136
5.289953 0.255265 -0.279768
5.306403 0.306511 -0.368034
5.322857 -0.491921 -1.472289
5.339280 -2.063962 -3.611717
5.355729 -3.605324 -5.352858
5.372100 -4.570123 -5.742155
5.388498 -4.252038 -4.503745
5.404902 -3.367420 -2.508467
5.421372 -1.961312 -0.287253
5.437798 -0.721750 1.127848
5.454297 -0.300080 0.396261
5.470701 -0.274685 -1.899057
5.487080 0.520142 -2.818532
5.503577 0.913560 -2.703614
5.519903 0.774857 -2.500022
5.536407 0.156653 -1.853252
5.552826 -0.320222 -0.816907
5.569283 -0.524424 0.400119
5.585794 -0.764631 1.274082
5.602136 -0.295994 1.153622
5.618554 -0.002775 0.654154
5.634927 0.176269 -0.223760
5.651355 -0.575432 -0.180696
5.667807 -0.249740 -0.216021
5.684360 -0.150198 0.341825
5.700627 1.800592 1.228635
5.717045 3.218459 1.807629
5.733508 4.152289 2.199943
5.750019 4.280374 1.780973
5.766481 3.420036 1.475001
5.782751 2.246403 0.972653
5.799273 0.813435 0.695139
5.815729 0.264666 0.215327
5.832137 -0.570195 0.236170
5.848613 0.708472 0.225289
5.864954 0.216547 0.107566
5.881407 0.364325 -0.382497
5.897886 0.672609 -1.224045
5.914323 -1.871019 -1.257060
5.930743 -5.333717 -0.572802
5.947167 -8.339025 0.670763
5.963537 -9.480706 1.503105
5.979901 -8.650215 1.499593
5.996405 -5.577237 0.363340
6.012837 -2.346481 -0.572686
6.029212 1.271673 -0.675078
6.045808 1.994750 -0.544293
6.062086 0.202203 -0.041880
6.078604 -0.863989 -0.290873
6.095003 -1.300150 -0.848293
6.111302 -1.337481 -0.907308
6.127871 -0.537407 0.050674
6.144242 0.697772 0.044573
6.160697 -0.177894 0.812211
6.177109 -2.078042 1.194884
6.193526 -4.468684 0.165333
6.210039 -5.463039 -0.843803
6.226382 -4.860241 -1.358173
6.242814 -2.467196 -0.730586
6.259452 -0.397596 0.119457
6.275693 1.175623 0.201572
6.292120 1.214019 0.178298
6.308526 0.314062 1.270327
6.324975 0.304234 1.523623
6.341365 0.349353 0.778054
6.357750 0.496324 0.000630
6.374228 0.448777 -0.868953
6.390704 0.031260 -1.996421
6.407030 -0.499559 -2.924079
6.423551 -0.478007 -2.746665
6.439989 -0.009261 -1.366608
6.456426 0.179492 0.221109
6.472825 -0.114135 1.949822
6.489261 -1.010709 2.641923
6.505676 -0.266506 2.294245
6.522074 1.366390 1.044713
6.538534 2.564081 -0.391695
6.554912 3.192538 -1.042433
6.571355 2.799977 -1.346212
6.587755 1.262919 -0.534680
6.604242 -0.252966 1.009757
6.620697 0.615536 2.416689
6.637099 -0.788029 2.396900
6.653522 -1.950683 2.155087
6.669963 -3.826483 2.086148
6.686364 -5.799185 0.972457
6.702886 -6.589259 -0.724103
6.719224 -6.110251 -2.463105
6.735620 -4.053174 -3.111555
6.752157 -1.065063 -3.626987
6.768660 1.075412 -4.053975
6.784897 -0.425449 -2.824294
6.801459 -0.090454 -0.391527
6.817774 -0.227714 1.906010
6.834253 -0.225675 3.046662
6.850794 0.009265 3.174431
6.867036 0.418123 1.180233
6.883559 0.597105 0.008654
6.899947 0.227097 -1.448995
6.916432 -2.014234 -2.325787
6.932763 -1.005679 -0.896211
6.949232 1.426804 0.508050
6.965628 3.691684 2.270667
6.982138 4.835580 2.718266
6.998448 5.915190 2.044813
7.014903 4.880092 1.634041
7.031417 5.163501 0.975058
7.047809 5.861511 -1.312921
7.064223 6.536962 -2.795406
7.080666 8.944375 -2.937147
7.097110 7.109854 -2.846721
7.113443 4.287087 -1.849342
7.129902 1.770378 -0.953743
7.146322 0.438474 0.211035
7.162781 -0.663045 0.892096
7.179247 0.318674 0.914927
7.195691 -0.227781 0.548203
7.212083 -0.663770 -0.493644
7.228447 -0.150888 -1.246193
7.244979 -0.304365 -0.704528
7.261405 0.478784 0.926363
7.277783 -0.147051 1.823796
7.294289 -1.548491 2.224187
7.310655 -2.869727 1.618107
7.327071 -3.803086 1.374469
7.343499 -3.346250 0.165259
7.359971 -1.831722 -0.561911
7.376404 -0.662271 -0.565196
7.392787 0.846322 0.332018
7.409256 0.723705 0.868479
7.425685 1.768784 0.406917
7.442088 4.915148 0.347914
7.458478 7.498633 0.534684
7.474942 9.061631 0.716848
7.491492 8.639703 -0.495768
7.507830 6.120260 -1.547426
7.524246 2.762775 -2.106821
7.540649 0.038824 -1.142260
7.557005 -2.526746 0.221667
7.573476 -1.346213 1.612841
7.589977 -0.971438 2.607629
7.606330 -0.318140 2.621208
7.622780 0.069743 1.615487
7.639216 0.056897 0.522403
7.655626 2.396917 -2.358440
7.672033 0.218449 -0.228577
7.688532 -4.593315 3.569520
7.704905 -8.892870 6.383330
7.721349 -10.921893 8.188155
7.737707 -11.028621 8.442405
7.754266 -8.991496 7.109731
7.770663 -5.190315 3.832076
7.787143 -0.382015 0.330962
7.803502 2.768997 -1.561873
7.819946 1.193162 -0.308015
7.836374 0.764000 -1.106868
7.852751 -0.018355 -0.634965
7.869245 -0.363479 0.459690
7.885754 -0.763794 1.183568
7.902132 -1.148616 -1.076378
7.918447 -0.349710 2.977773
7.934958 0.904667 4.866513
7.951358 1.753943 2.165140
7.967804 2.405578 2.284781
7.984247 2.288844 4.348161
8.000628 2.320556 5.880495
8.017214 1.647918 6.193774
8.033548 0.369051 5.820981
8.050039 -0.611863 5.280995
8.066323 -0.577001 6.065638
8.082726 -0.425119 -0.044061
8.099134 -0.022943 -2.203029
8.115603 0.345828 0.000000
8.132071 0.578393 0.000000
8.148500 -0.743984 0.910226
8.164951 1.204929 2.352080
8.181304 3.342300 -1.634627
8.197739 3.999018 -7.110539
8.214272 4.631571 -12.213387
8.230596 4.731488 -14.189129
8.247001 4.060305 -12.600139
8.263499 2.589200 -8.193001
8.279878 1.402219 -3.127719
8.296272 0.908012 0.174574
8.312852 2.190759 0.621937
8.329255 0.087288 -1.885976
8.345742 -1.079553 -1.350602
8.362059 -0.845475 0.014558
8.378439 -1.094950 1.590616
8.394986 -0.953291 2.847525
8.411376 -1.504059 1.233618
8.427793 -1.973874 -1.021563
8.444246 -2.378153 -2.308573
8.460571 -2.165671 -1.955365
8.477029 -2.043753 -2.342849
8.493452 -2.041590 -2.527035
8.509930 -1.085537 -2.735096
8.526318 -0.265399 -2.355954
8.542752 -0.185519 -1.088896
8.559143 -0.197851 -0.363250
8.575627 1.641469 1.702799
8.592066 3.808484 2.541321
8.608538 4.898469 2.599869
8.624897 4.646375 1.107258
8.641323 4.193682 -0.635787
8.657727 3.317962 -1.039926
8.674276 1.212623 -0.463730
8.690727 -0.598883 0.014206
8.707075 -0.647973 0.446112
8.723552 -0.262449 0.531279
8.740093 -0.178029 0.454064
8.756402 -0.317838 0.094696
8.772774 7.294275 0.395637
8.789383 0.555717 -1.656650
8.805665 -12.092083 -4.118039
8.822163 -24.060725 -6.794134
8.838470 -31.096985 -7.880749
