0.000000 852.249600 420.584400
0.016490 805.238400 425.601000
0.032851 905.232000 487.339200
0.049342 909.033600 499.078800
0.065856 860.102400 499.748400
0.082169 848.400000 466.948800
0.098610 843.369600 445.797000
0.115151 839.990400 469.308600
0.131482 872.275200 376.488000
0.147848 867.484800 367.956000
0.164274 856.483200 443.610000
0.180723 831.379200 479.714400
0.197171 836.592000 492.782400
0.213616 851.827200 390.387600
0.230071 822.259200 425.568600
0.246382 819.667200 417.301200
0.262846 821.308800 421.124400
0.279387 907.900800 427.150800
0.295745 907.900800 427.150800
0.312120 802.732800 432.599400
0.328661 481.833600 420.136200
0.345064 487.632000 428.112000
0.361520 428.275200 398.066400
0.377892 480.604800 387.412200
0.394255 486.566400 395.955000
0.410793 472.982400 404.800200
0.427180 468.364800 406.414800
0.443649 462.211200 397.980000
0.460041 483.129600 440.413200
0.476481 441.398400 411.199200
0.492823 443.491200 415.265400
0.509315 460.953600 366.843600
0.525638 505.641600 486.205200
0.542309 517.516800 501.940800
0.558494 475.651200 486.486000
0.575082 527.548800 502.173000
0.591432 519.619200 490.465800
0.607791 535.689600 393.606000
0.624217 530.582400 372.902400
0.640801 524.947200 364.008600
0.657128 528.710400 357.523200
0.673651 542.716800 350.184600
0.689991 548.112000 359.056800
0.706399 549.801600 352.695600
0.722930 533.779200 381.250800
0.739280 535.564800 385.635600
0.755721 664.579200 726.505200
0.772133 644.044800 869.697000
0.788589 647.203200 871.732800
0.804923 684.556800 878.261400
0.821445 644.304000 890.141400
0.837904 635.443200 882.608400
0.854301 645.705600 867.855600
0.870777 641.664000 845.861400
0.887185 637.478400 841.870800
0.903623 592.185600 842.448600
0.919961 582.700800 834.159600
0.936345 587.424000 838.215000
0.952848 549.091200 584.112600
0.969333 432.038400 294.478200
0.985657 438.537600 303.901200
1.002314 421.804800 274.714200
1.018641 448.713600 253.697400
1.035067 448.713600 253.697400
1.051492 455.385600 261.009000
1.067929 429.830400 295.574400
1.084266 435.465600 303.750000
1.100717 477.436800 331.732800
1.117078 502.243200 404.157600
1.133641 504.278400 408.364200
1.363628 463.171200 325.625400
1.380085 462.163200 323.541000
1.396419 387.600000 321.672600
1.412904 410.630400 320.430600
1.429357 403.545600 310.721400
1.445740 350.668800 306.682200
1.462093 357.676800 322.066800
1.478608 354.691200 316.391400
1.494987 384.307200 214.169400
1.511479 356.256000 264.826800
1.527927 350.294400 259.032600
1.544374 300.144000 265.523400
1.560643 277.392000 314.458200
1.577126 289.968000 330.075000
1.593571 400.339200 315.019800
1.609976 340.444800 327.364200
1.626476 346.089600 332.494200
1.642804 350.851200 354.618000
1.659289 385.344000 333.687600
1.675600 377.952000 324.140400
1.692089 1053.408000 437.734800
1.708484 1142.428800 474.984000
1.725100 1141.689600 471.236400
1.741478 1102.041600 480.659400
1.757856 1097.414400 485.724600
1.774291 1097.404800 485.956800
1.790704 1094.179200 466.133400
1.807139 1118.937600 499.149000
1.823489 1120.867200 498.576600
1.839964 1085.126400 501.962400
1.856540 1097.040000 481.420800
1.872760 1096.252800 469.092600
1.889298 1075.699200 424.602000
1.905771 1103.673600 440.321400
1.922098 1102.531200 445.986000
1.938628 1061.107200 434.710800
1.954990 1074.355200 437.167800
1.971473 1074.374400 445.359600
1.987844 1105.219200 438.636600
2.004392 1097.260800 448.340400
2.020696 1098.374400 444.533400
2.037082 1051.267200 413.834400
2.053621 1071.955200 407.473200
2.069985 1070.774400 411.247800
2.086467 1165.382400 462.693600
2.102822 1160.150400 469.789200
2.119240 1158.403200 485.746200
2.135734 927.187200 680.513400
2.152069 822.566400 836.022600
2.168543 819.945600 831.670200
2.185090 792.105600 835.893000
2.201397 817.094400 891.318600
2.217807 814.502400 887.652000
2.234265 805.123200 809.238600
2.250698 851.606400 863.913600
2.267172 853.824000 867.823200
2.283487 788.870400 855.921600
2.300019 792.777600 874.935000
2.316402 792.268800 873.136800
2.332824 611.328000 900.482400
2.349245 601.766400 847.422000
2.365721 600.950400 846.730800
2.382113 702.432000 926.429400
2.398648 632.544000 883.537200
2.414968 632.544000 883.537200
2.431429 665.923200 885.038400
2.447968 653.318400 893.025000
2.464252 651.120000 891.799200
2.480633 665.126400 844.246800
2.497151 632.400000 916.250400
2.513588 641.452800 923.243400
2.530158 673.660800 902.086200
2.546424 704.764800 901.497600
2.562828 704.764800 901.497600
2.579421 674.121600 894.466800
2.595729 717.792000 925.711200
2.612109 717.792000 925.711200
2.628512 604.867200 931.100400
2.644907 587.260800 893.154600
2.661417 587.260800 893.154600
2.677874 610.483200 917.352000
2.694236 674.160000 902.907000
2.710896 671.692800 898.371000
2.727143 599.980800 883.018800
2.743521 640.598400 878.995800
2.759916 633.427200 875.215800
2.776398 600.000000 895.190400
2.792823 650.947200 888.570000
2.809236 656.208000 893.187000
2.825768 611.664000 914.614200
2.842133 698.006400 941.803200
2.858486 698.006400 941.803200
2.874918 606.499200 844.797600
2.891433 636.000000 928.767600
2.907735 640.492800 932.142600
2.924268 677.923200 904.770000
2.940618 624.902400 904.435200
2.957026 624.902400 904.435200
2.973499 661.344000 907.875000
2.989928 633.542400 851.083200
3.006401 633.542400 851.083200
3.022767 621.331200 886.512600
3.039247 637.190400 862.979400
3.055611 632.640000 858.902400
3.072055 614.304000 859.458600
3.088475 671.865600 942.969600
3.104946 671.865600 942.969600
3.121546 676.953600 919.139400
3.137824 650.947200 914.279400
3.154235 654.028800 916.034400
3.170744 640.521600 887.079600
3.187086 639.475200 941.058000
3.203617 632.006400 936.311400
3.220014 595.660800 882.111600
3.236409 642.777600 887.635800
3.252820 649.651200 892.420200
3.269240 627.158400 885.799800
3.285709 583.660800 885.351600
3.302178 584.966400 887.133600
3.318590 609.398400 872.532000
3.335009 591.830400 872.915400
3.351401 592.704000 873.601200
3.367798 702.403200 901.260000
3.384209 674.496000 874.713600
3.400719 670.348800 870.744600
3.417009 638.246400 885.637800
3.433503 626.256000 878.007600
3.449914 623.587200 873.444600
3.466419 608.956800 907.297200
3.482760 614.659200 822.263400
3.499178 607.161600 817.414200
3.515715 550.550400 852.935400
3.532071 666.278400 852.130800
3.548658 670.377600 855.084600
3.564984 1204.924800 852.136200
3.581361 1441.353600 894.045600
3.597737 1445.011200 890.449200
3.614300 1463.452800 856.294200
3.630675 1438.406400 853.497000
3.647052 1435.593600 855.505800
3.663463 1420.464000 810.729000
3.679927 1439.462400 818.656200
3.696387 1433.366400 824.844600
3.712867 1350.499200 843.442200
3.729259 1429.920000 835.034400
3.745658 1425.321600 842.788800
3.762121 1420.108800 885.891600
3.778507 1401.561600 871.932600
3.794925 1404.969600 866.138400
3.811424 1440.163200 862.196400
3.827799 1438.377600 859.701600
3.844234 1444.358400 854.701200
3.860771 754.416000 842.027400
3.877051 716.476800 826.259400
3.893543 717.091200 828.473400
3.909949 643.881600 824.434200
3.926360 683.971200 849.603600
3.942718 691.180800 855.646200
3.959209 687.321600 912.151800
3.975632 695.923200 884.827800
3.993173 692.505600 882.543600
4.008485 680.236800 825.152400
4.024948 659.289600 866.127600
4.041342 663.667200 870.231600
4.057884 718.041600 869.054400
4.074201 677.980800 920.473200
4.090687 677.980800 920.473200
4.107155 635.779200 947.797200
4.123490 699.705600 916.261200
4.140051 694.819200 911.088000
4.156323 654.000000 854.960400
4.172789 633.638400 844.576200
4.189367 624.768000 836.389800
4.205629 638.083200 853.205400
4.222107 685.939200 879.508800
4.238486 685.939200 879.508800
4.255041 625.104000 864.777600
4.271357 635.654400 902.896200
4.287843 635.654400 902.896200
4.304218 601.094400 853.653600
4.320595 641.452800 841.627800
4.337118 641.452800 841.627800
4.353509 619.756800 890.514000
4.369964 649.574400 863.643600
4.386382 649.574400 863.643600
4.402839 670.723200 898.365600
4.419264 629.846400 845.942400
4.435696 629.846400 845.942400
4.452002 689.356800 870.301800
4.468441 643.910400 886.210200
4.484927 649.065600 891.718200
4.501339 656.150400 836.465400
4.517895 651.283200 852.444000
4.534236 655.680000 856.650600
4.550578 639.292800 885.535200
4.567087 633.456000 938.601000
4.583494 637.248000 941.360400
4.599920 652.003200 900.687600
4.616385 660.988800 931.807800
4.632994 659.539200 929.793600
4.649286 633.360000 863.956800
4.665822 699.081600 860.085000
4.682138 688.300800 848.772000
4.698496 602.284800 840.207600
4.715001 550.569600 1080.000000
4.731375 552.220800 1080.000000
4.747734 606.316800 1080.000000
4.764287 623.587200 1080.000000
4.780615 632.092800 1080.000000
4.797066 614.688000 1080.000000
4.813528 657.763200 1080.000000
4.829902 661.833600 1080.000000
4.846403 652.329600 1080.000000
4.862847 609.955200 1080.000000
4.879194 605.337600 1080.000000
4.895590 562.886400 1080.000000
4.912088 330.892800 1080.000000
4.928595 323.721600 1080.000000
4.944943 343.564800 1080.000000
4.961388 293.932800 1080.000000
4.977744 301.382400 1080.000000
4.994213 284.294400 1080.000000
5.010749 321.974400 1080.000000
5.027051 325.814400 1080.000000
5.043604 324.710400 1080.000000
5.059887 338.889600 1080.000000
5.076472 327.686400 1080.000000
5.092720 305.212800 1080.000000
5.109271 283.036800 1080.000000
5.125632 290.764800 1080.000000
5.142052 313.747200 1080.000000
5.158625 380.572800 1049.144400
5.175027 387.888000 1050.748200
5.191353 476.428800 762.885000
5.207772 471.235200 747.446400
5.224239 459.456000 738.860400
5.240530 495.100800 812.856600
5.257118 483.600000 757.215000
5.273459 483.628800 756.378000
5.289890 466.108800 737.105400
5.306373 432.777600 720.894600
5.322831 427.555200 717.805800
5.339277 449.596800 744.859800
5.355679 616.521600 803.001600
5.371984 620.678400 805.755600
5.388485 649.248000 901.891800
5.404846 595.632000 924.318000
5.421361 587.059200 919.155600
5.437863 585.734400 897.123600
5.454153 604.080000 886.987800
5.470569 610.886400 893.062800
5.487063 613.017600 839.241000
5.503547 562.214400 893.273400
5.520022 567.561600 897.058800
5.536335 554.227200 904.894200
5.552819 598.857600 879.211800
5.569192 598.857600 879.211800
5.585634 621.360000 886.507200
5.602074 541.488000 891.874800
5.618464 545.107200 893.932200
5.634950 637.987200 892.090800
5.651542 625.996800 894.715200
5.667798 621.312000 890.940600
5.684212 598.396800 920.014200
5.700756 578.486400 865.452600
5.716984 573.542400 861.553800
5.733429 485.635200 532.224000
5.749917 437.577600 253.800000
5.766317 439.478400 258.584400
5.782813 458.361600 252.309600
5.799231 445.401600 198.882000
5.815611 439.728000 185.527800
5.832056 417.523200 230.828400
5.848494 427.459200 202.559400
5.864915 417.811200 191.430000
5.881375 396.480000 220.114800
5.897828 422.304000 209.044800
5.914186 442.992000 238.896000
5.930744 510.854400 306.801000
5.947146 489.408000 260.307000
5.963462 477.350400 240.597000
5.979929 469.036800 247.681800
5.996273 455.328000 248.124600
6.012713 455.328000 248.124600
6.029235 406.310400 219.218400
6.045664 375.811200 268.450200
6.062075 365.308800 251.937000
6.078411 391.545600 206.339400
6.094863 358.185600 143.710200
6.111427 361.104000 152.577000
6.127758 385.737600 239.716800
6.144184 408.288000 238.761000
6.160590 437.913600 282.819600
6.407102 443.520000 288.775800
6.423602 1093.238400 253.027800
6.439838 1279.008000 276.874200
6.456360 1283.059200 262.191600
6.472780 1236.528000 261.921600
6.489293 1260.921600 254.669400
6.505593 1262.985600 238.275000
6.522031 1262.563200 234.268200
6.538485 1260.624000 311.882400
6.554979 1260.892800 310.548600
6.571329 1211.472000 252.768600
6.587753 1281.379200 194.313600
6.604328 1279.084800 206.064000
6.620590 1257.062400 303.820200
6.637178 1271.001600 246.537000
6.653432 1268.716800 258.114600
6.669973 1280.131200 238.577400
6.686319 1224.921600 251.418600
6.702666 1226.860800 246.407400
6.719119 1310.995200 327.915000
6.735734 1367.606400 418.656600
6.751991 1368.067200 414.428400
6.768400 1372.723200 346.879800
6.784993 1390.147200 378.426600
6.801409 1388.284800 380.802600
6.817820 1372.051200 434.214000
6.834145 1390.406400 443.745000
6.850669 1387.651200 450.694800
6.867062 1393.536000 418.208400
6.883572 1368.057600 428.635800
6.899897 1366.608000 434.732400
6.916408 1394.505600 932.418000
6.932801 1391.376000 890.098200
6.949201 1396.944000 884.827800
6.965681 1326.710400 891.253800
6.982095 1332.681600 898.063200
6.998439 1332.758400 897.955200
7.014974 1361.472000 899.062200
7.031349 1365.360000 930.949200
7.047736 1362.499200 934.135200
7.064178 1296.336000 890.011800
7.080618 1351.939200 904.581000
7.097133 1349.539200 906.454800
7.113419 1320.499200 913.021200
7.129892 1376.284800 944.222400
7.146371 1373.097600 947.494800
7.162692 1359.062400 899.699400
7.179170 1210.464000 875.998800
7.195513 1210.464000 875.998800
7.211993 1192.128000 933.163200
7.228564 1281.427200 891.864000
7.244894 1285.776000 886.177800
7.261270 1267.075200 860.419800
7.277794 1134.720000 815.005800
7.294195 1135.324800 810.572400
7.310547 517.968000 279.239400
7.327116 404.044800 202.073400
7.343427 413.030400 217.636200
7.359865 435.312000 316.380600
7.376291 439.881600 316.612800
7.392700 446.707200 326.462400
7.409124 417.340800 307.227600
7.425664 452.524800 342.316800
7.442011 450.326400 337.316400
7.458479 462.960000 291.000600
7.474902 429.763200 259.086600
7.491297 416.083200 238.744800
7.507850 421.747200 273.169800
7.524152 396.528000 257.040000
7.540576 398.726400 261.651600
7.557029 473.548800 284.169600
7.573407 445.267200 278.440200
7.589978 456.777600 293.522400
7.606215 481.958400 343.186200
7.622767 463.248000 312.384600
7.639206 462.153600 310.743000
7.852804 404.227200 308.437200
7.869186 360.566400 328.941000
7.885606 356.563200 325.695600
7.902078 373.968000 335.037600
7.918469 377.164800 341.933400
7.934984 378.441600 343.558800
7.951387 376.243200 311.774400
7.967805 407.020800 300.909600
7.984114 404.544000 295.747200
8.000543 365.808000 286.713000
8.017007 427.286400 113.826600
8.033399 422.160000 108.021600
8.049844 517.046400 45.198000
8.066242 545.836800 39.009600
8.082723 551.625600 51.705000
8.099230 520.761600 82.447200
8.115602 513.321600 89.769600
8.131981 513.321600 89.769600
8.148462 542.284800 96.287400
8.164918 512.515200 16.524000
8.181291 512.515200 16.524000
8.197651 508.041600 72.500400
8.214036 448.857600 24.030000
8.230589 446.822400 17.733600
8.247013 547.286400 32.356800
8.263353 526.214400 0.405000
8.279847 521.529600 0.000000
8.296287 504.864000 27.216000
8.312815 842.822400 131.387400
8.329180 842.899200 131.733000
8.345546 1094.966400 101.973600
8.361959 1117.910400 39.409200
8.378556 1117.910400 39.409200
8.394922 1077.513600 106.185600
8.411327 1136.534400 138.029400
8.427704 1135.948800 149.342400
8.444056 1083.974400 184.761000
8.460622 1117.718400 183.897000
8.476956 1119.619200 167.697000
8.493375 1141.516800 132.699600
8.509880 1167.244800 96.681600
8.526276 1164.566400 104.679000
8.542831 1053.129600 97.270200
8.559212 987.427200 184.782600
8.575573 990.652800 195.755400
8.591969 969.379200 130.426200
8.608432 994.003200 63.352800
8.624961 990.777600 36.325800
8.641328 995.961600 150.557400
8.657828 984.931200 123.865200
8.674108 986.467200 129.675600
8.690526 959.923200 110.111400
8.706957 999.609600 63.433800
8.723407 997.929600 39.960000
8.739820 903.196800 55.328400
8.756280 691.651200 1.188000
8.772669 691.651200 1.188000
8.789111 703.132800 46.553400
8.805599 687.686400 0.000000
8.822006 695.491200 24.170400
8.838514 683.011200 81.086400
8.854831 698.592000 82.711800
8.871399 701.942400 88.948800
8.887670 697.872000 46.710000
8.904066 709.046400 51.138000
8.920583 698.006400 17.064000
8.937056 660.710400 5.756400
8.953351 834.393600 0.000000
8.969838 834.393600 0.000000
8.986294 987.494400 0.000000
9.002673 1030.540800 0.000000
9.019121 1030.540800 0.000000
9.035604 1030.896000 0.000000
9.051981 1065.820800 0.000000
9.068346 1064.899200 16.367400
9.084815 1043.721600 82.350000
9.101312 959.990400 57.645000
9.117775 963.532800 92.264400
9.134113 1230.384000 185.630400
9.150561 1273.056000 185.463000
9.167036 1277.184000 168.609600
9.183377 1291.766400 138.137400
9.199842 1301.635200 141.987600
9.216275 1308.153600 110.608200
9.232763 1336.924800 59.983200
9.249140 1357.680000 96.778800
9.265556 1352.515200 113.275800
9.281944 1262.054400 70.167600
9.298462 1410.412800 97.081200
9.314793 1403.750400 124.540200
9.331284 1502.870400 148.867200
9.347770 1487.942400 191.224800
9.364192 1483.132800 199.832400
9.380550 1434.547200 225.887400
9.396939 1454.390400 255.501000
9.413398 1454.150400 256.105800
9.429920 1454.860800 224.694000
9.446267 1476.441600 201.241800
9.462622 1490.140800 170.391600
9.479097 1509.187200 150.255000
9.495602 1520.812800 128.682000
9.512112 1523.827200 117.995400
9.528385 1566.969600 147.949200
9.544937 1534.713600 125.528400
9.561267 1534.713600 125.528400
9.577859 1533.225600 107.573400
9.594092 1561.363200 120.841200
9.610599 1561.363200 120.841200
9.626989 1443.772800 32.772600
9.643406 1502.150400 315.824400
9.659863 1495.190400 328.984200
10.070465 1457.884800 867.234600
10.087033 1512.681600 865.641600
10.103500 1517.241600 861.624000
10.119873 1518.144000 793.162800
10.136254 1552.416000 836.136000
10.152647 1554.268800 833.592600
10.169119 1542.585600 779.695200
10.185593 1507.315200 774.122400
10.201911 1509.878400 773.712000
10.218431 1527.811200 815.302800
10.234861 1496.678400 854.976600
10.251236 1501.545600 849.155400
10.267682 1558.982400 804.627000
10.284097 1488.432000 822.204000
10.300582 1484.227200 826.545600
10.317037 1549.814400 823.845600
10.333337 1524.556800 870.922800
10.349753 1524.556800 870.922800
10.366191 1561.632000 833.549400
10.382670 1540.147200 869.794200
10.399257 1540.147200 869.794200
10.415513 1488.998400 844.068600
10.432004 1488.556800 808.903800
10.448539 1487.529600 811.053000
10.464851 1490.092800 807.089400
10.481215 1492.252800 802.780200
10.497749 1496.572800 798.163200
10.514103 1489.843200 783.151200
10.530461 1480.329600 739.319400
10.546965 1481.184000 736.959600
10.563384 1509.936000 808.563600
10.579992 1320.192000 1080.000000
10.596294 1317.465600 1080.000000
10.826350 419.673600 351.631800
10.842736 419.673600 351.631800
10.859076 714.105600 448.912800
10.875502 1118.467200 775.180800
10.892032 1118.908800 770.229000
10.908379 1401.907200 924.091200
10.924873 1436.217600 936.478800
10.941216 1439.856000 933.276600
10.957654 1415.222400 932.801400
10.974015 1449.417600 937.143000
10.990606 1452.240000 935.722800
11.006965 1428.441600 920.570400
11.023382 1467.907200 912.011400
11.039816 1468.819200 910.278000
11.056162 1424.620800 885.292200
11.072787 1460.736000 895.147200
11.089115 1459.939200 896.853600
11.105557 1448.678400 886.242600
11.121958 1469.654400 890.087400
11.138397 1471.017600 888.121800
11.154769 1445.212800 953.380800
11.171370 1460.956800 901.486800
11.187690 1457.030400 905.045400
11.204069 1483.804800 838.069200
11.220497 1497.244800 848.982600
11.236992 1496.284800 850.953600
11.253354 1528.531200 864.826200
11.269795 1564.262400 873.784800
11.286236 1560.758400 875.680200
11.302657 1556.102400 887.338800
11.319073 1510.665600 908.361000
11.335554 1510.531200 908.463600
11.351978 1502.035200 908.895600
11.368404 1546.214400 902.313000
11.384852 1543.084800 903.879000
11.401240 1032.508800 602.904600
11.417723 775.152000 532.186200
11.434012 777.868800 535.437000
11.450488 478.924800 363.641400
11.466895 461.558400 348.462000
11.483454 449.433600 331.128000
11.499875 415.670400 331.651800
11.516289 418.579200 390.106800
11.532589 425.260800 398.698200
11.549035 432.748800 375.840000
11.565539 438.806400 384.345000
11.581862 436.579200 379.960200
11.598418 401.548800 255.031200
11.614851 374.880000 248.383800
11.631163 377.721600 255.965400
11.647688 394.838400 272.262600
11.664124 410.313600 316.683000
11.680536 437.510400 354.078000
11.696929 433.833600 345.637800
11.713409 440.428800 341.992800
11.729786 432.307200 328.752000
11.746292 431.702400 309.835800
11.762569 401.356800 234.381600
11.779129 388.550400 215.578800
11.795517 411.244800 249.793200
11.811985 371.875200 216.507600
11.828314 371.875200 216.507600
11.844769 426.105600 186.732000
11.861146 393.187200 189.054000
11.877666 393.187200 189.054000
11.894124 388.243200 211.588200
11.910497 445.180800 224.861400
11.926971 445.180800 224.861400
11.943267 413.232000 226.535400
11.959795 421.574400 232.934400
11.976228 412.483200 216.858600
11.992658 851.952000 552.916800
12.009127 1226.419200 699.656400
12.025634 1229.414400 688.678200
12.042013 1429.392000 852.076800
12.058444 1436.755200 877.084200
12.074984 1436.755200 877.084200
12.091166 1517.539200 923.113800
12.107617 1527.763200 875.696400
12.124043 1527.763200 875.696400
12.140442 1475.011200 903.171600
12.156957 1440.489600 863.454600
12.173321 1437.600000 865.290600
12.189862 1462.627200 841.136400
12.206171 1508.217600 871.705800
12.222607 1501.123200 877.402800
12.239015 1498.377600 880.340400
12.255457 1523.616000 923.626800
12.271982 1522.540800 925.074000
12.288405 1499.433600 883.974600
12.304857 1534.051200 879.919200
12.321312 1538.150400 876.587400
12.337693 1509.820800 858.443400
12.354147 1498.982400 904.386600
12.370674 1502.083200 902.658600
12.387147 1503.398400 855.117000
12.403337 1512.969600 889.677000
12.419902 1509.456000 892.593000
12.436302 1364.534400 1080.000000
12.452661 1208.121600 1080.000000
12.469058 1206.393600 1080.000000
12.485790 1007.731200 1080.000000
12.501869 956.841600 1080.000000
12.518436 957.081600 1080.000000
12.534854 921.360000 1080.000000
12.551192 918.643200 1080.000000
12.567696 917.164800 1080.000000
12.584075 898.051200 1080.000000
12.600517 922.368000 1080.000000
12.616966 921.052800 1080.000000
12.633438 948.844800 1080.000000
12.649776 922.905600 1080.000000
12.666245 922.905600 1080.000000
12.682618 909.187200 1080.000000
12.699023 917.462400 1080.000000
12.715529 917.462400 1080.000000
12.731946 854.553600 1080.000000
12.748316 883.584000 1080.000000
12.764831 886.992000 1080.000000
12.781143 879.264000 1080.000000
12.797640 872.870400 1080.000000
12.814106 874.857600 1080.000000
12.830461 853.814400 1080.000000
12.846942 863.068800 1080.000000
12.863374 863.068800 1080.000000
12.879739 697.056000 1080.000000
12.896308 687.100800 1080.000000
12.912616 685.670400 1080.000000
12.929052 691.756800 1080.000000
12.945462 659.404800 1080.000000
12.962056 653.587200 1080.000000
12.978382 673.622400 1080.000000
12.994788 684.835200 1080.000000
13.011323 692.409600 1080.000000
13.027565 658.396800 1080.000000
13.044049 678.326400 1080.000000
13.060619 674.428800 1080.000000
13.076908 731.260800 1080.000000
13.093382 785.644800 1080.000000
13.109790 785.644800 1080.000000
13.126141 712.099200 1080.000000
13.142629 726.480000 1080.000000
13.159023 729.859200 1080.000000
13.175478 772.156800 1080.000000
13.191948 733.392000 1080.000000
13.208332 731.155200 1080.000000
13.224805 760.790400 1080.000000
13.241228 745.756800 1080.000000
13.257706 746.428800 1080.000000
13.274021 841.267200 1080.000000
13.290474 831.100800 1080.000000
13.306983 826.656000 1080.000000
13.323260 835.756800 1080.000000
13.339796 835.132800 1080.000000
13.356192 833.424000 1080.000000
13.372569 818.908800 1080.000000
13.389016 833.568000 1080.000000
13.405479 838.406400 1080.000000
13.421994 852.384000 1080.000000
13.438285 851.952000 1080.000000
13.454740 852.480000 1080.000000
