0.000000 238.761600 276.350400
0.016378 228.316800 255.414600
0.032829 188.774400 275.724000
0.049249 182.476800 270.777600
0.065654 229.411200 238.474800
0.082049 311.932800 299.813400
0.098610 320.092800 309.711600
0.114997 966.614400 274.951800
0.131467 896.640000 313.486200
0.147870 894.768000 304.095600
0.164254 944.236800 333.261000
0.180676 838.128000 290.503800
0.197121 840.643200 295.488000
0.213559 898.224000 311.731200
0.230006 903.206400 283.662000
0.246380 901.363200 273.715200
0.262803 907.891200 286.815600
0.279176 882.729600 286.713000
0.295676 880.800000 277.430400
0.312049 861.820800 134.454600
0.328549 734.928000 61.457400
0.345013 734.928000 61.457400
0.361349 690.374400 39.641400
0.377898 673.872000 14.806800
0.394253 674.611200 20.487600
0.410677 715.766400 38.053800
0.427048 759.801600 69.525000
0.443582 762.854400 75.513600
0.459962 739.996800 41.164200
0.476430 788.409600 73.683000
0.493013 788.313600 73.342800
0.509263 738.144000 50.166000
0.525683 738.748800 85.017600
0.542128 742.896000 101.800800
0.558505 406.003200 58.147200
0.574952 423.475200 117.493200
0.591509 434.486400 133.353000
0.607886 432.931200 110.176200
0.624318 432.710400 155.120400
0.640662 425.577600 143.440200
0.657083 446.140800 133.569000
0.673548 434.803200 123.163200
0.689962 431.164800 119.205000
0.706369 405.129600 104.781600
0.722800 487.574400 96.708600
0.739229 486.038400 90.909000
0.755677 381.523200 72.160200
0.772172 382.512000 125.760600
0.788504 379.363200 124.351200
0.804973 444.009600 156.162600
0.821388 440.169600 144.774000
0.837756 456.643200 167.929200
0.854250 462.115200 121.408200
0.870810 388.147200 137.349000
0.887077 376.771200 121.311000
0.903453 464.419200 58.930200
0.919888 410.745600 109.620000
0.936378 418.003200 121.575600
0.952914 641.702400 444.544200
0.969262 697.372800 418.969800
0.985578 692.313600 406.458000
1.002070 657.600000 427.615200
1.018543 709.766400 435.191400
1.034912 705.974400 426.951000
1.051334 650.419200 406.117800
1.067801 732.182400 431.314200
1.084228 732.883200 435.531600
1.100704 718.185600 392.029200
1.117051 612.883200 370.796400
1.133467 616.339200 375.246000
1.149958 619.152000 425.088000
1.166377 654.835200 427.318200
1.182782 653.328000 422.242200
1.199228 701.376000 429.624000
1.215677 902.236800 274.104000
1.232105 899.491200 268.282800
1.248528 975.609600 241.428600
1.264888 1012.291200 248.292000
1.281414 1013.116800 260.123400
1.297777 1015.795200 275.103000
1.314203 922.387200 277.155000
1.330632 922.387200 277.155000
1.347082 982.022400 312.546600
1.363530 990.720000 319.923000
1.379953 989.212800 314.917200
1.396354 1008.009600 250.041600
1.412753 974.572800 278.613000
1.429204 974.601600 278.904600
1.445634 1037.020800 302.902200
1.462079 994.944000 309.258000
1.478566 994.944000 309.258000
1.494912 1027.315200 331.792200
1.511326 976.723200 340.000200
1.527755 976.723200 340.000200
1.544200 769.036800 237.848400
1.560600 419.001600 132.024600
1.577102 416.937600 126.505800
1.593506 306.528000 96.395400
1.610001 280.416000 92.091600
1.626298 280.176000 91.751400
1.642724 319.843200 133.898400
1.659173 347.625600 136.171800
1.675608 364.022400 162.313200
1.692050 319.430400 263.266200
1.708477 373.257600 267.694200
1.724912 381.033600 278.321400
1.741281 386.880000 266.819400
1.757801 399.081600 246.677400
1.774337 385.545600 227.156400
1.790631 329.635200 192.569400
1.807057 365.040000 173.086200
1.823508 354.988800 156.729600
1.839934 342.652800 138.612600
1.856353 316.905600 141.766200
1.872836 309.062400 130.647600
1.889251 307.929600 111.418200
1.905679 319.641600 126.754200
1.922024 321.897600 132.246000
1.938501 297.196800 62.602200
1.954885 364.108800 89.937000
1.971368 382.761600 116.834400
1.987864 439.267200 132.235200
2.004155 421.132800 94.365000
2.020715 426.921600 104.155200
2.037106 424.281600 92.518200
2.053544 424.118400 99.133200
2.069972 418.147200 88.992000
2.086511 392.822400 71.517600
2.102727 432.288000 106.255800
2.119176 428.227200 101.952000
2.135703 605.798400 117.158400
2.152049 632.419200 94.338000
2.168473 636.336000 100.515600
2.184886 644.313600 102.778200
2.201376 644.995200 98.566200
2.217779 640.291200 86.632200
2.234182 649.190400 90.104400
2.250636 624.777600 130.971600
2.267080 621.235200 125.231400
2.283502 622.003200 92.502000
2.300082 620.169600 94.651200
2.316328 623.558400 100.839600
2.332754 629.568000 77.068800
2.349222 624.854400 79.601400
2.365649 630.134400 94.975200
2.382019 639.043200 129.378600
2.398613 680.755200 121.980600
2.414976 688.848000 144.223200
2.431352 640.483200 152.911800
2.447754 633.628800 134.605800
2.464282 633.628800 134.605800
2.480676 634.243200 147.430800
2.497203 706.089600 143.958600
2.513477 706.089600 143.958600
2.529886 688.867200 180.473400
2.546492 670.588800 200.167200
2.562728 665.856000 185.101200
2.579363 617.097600 151.875000
2.595578 620.860800 128.331000
2.612050 608.054400 101.055600
2.628440 584.428800 82.166400
2.644864 598.348800 40.867200
2.661408 600.844800 40.019400
2.677807 611.251200 14.817600
2.694170 601.689600 4.536000
2.710572 590.755200 0.000000
2.727072 570.057600 0.000000
2.743541 601.670400 0.000000
2.759907 598.262400 0.000000
2.776427 589.824000 16.459200
2.792753 582.921600 37.929600
2.809348 594.931200 68.855400
2.825624 667.833600 696.297600
3.236287 588.816000 442.789200
3.252782 582.528000 430.363800
3.269194 569.558400 367.005600
3.285575 535.257600 348.894000
3.302050 524.160000 330.949800
3.318512 512.697600 320.409000
3.334859 602.544000 329.211000
3.351413 607.200000 338.023800
3.367777 545.472000 336.722400
3.384150 568.598400 414.558000
3.400548 569.884800 418.721400
3.417052 562.214400 422.204400
3.433676 621.292800 412.241400
3.449913 624.787200 416.534400
3.466302 574.828800 365.547600
3.482791 547.824000 381.202200
3.499202 549.244800 385.306200
3.515611 583.516800 374.220000
3.532154 611.395200 415.362600
3.548428 615.187200 419.472000
3.564858 582.806400 403.898400
3.581355 551.280000 368.668800
3.597704 547.305600 364.197600
3.614165 560.160000 376.947000
3.630603 622.771200 427.782600
3.647117 621.571200 423.597600
3.663440 577.776000 385.587000
3.680015 535.017600 386.661600
3.696396 535.747200 389.701800
3.712712 512.947200 403.434000
3.729125 572.208000 432.766800
3.745637 582.988800 450.014400
3.762018 541.228800 387.822600
3.778419 611.721600 406.063800
3.794857 607.449600 398.498400
3.811349 626.764800 378.291600
3.827703 623.875200 376.968600
3.844265 617.856000 363.290400
3.860645 539.980800 344.142000
3.877036 574.080000 371.520000
3.893454 568.867200 362.631600
3.909860 553.766400 367.021800
3.926302 562.848000 379.366200
3.942771 568.022400 387.957600
3.959225 548.342400 387.936000
3.975551 567.350400 397.947600
3.992047 562.166400 389.469600
4.008501 607.939200 353.705400
4.025032 527.548800 325.857600
4.041416 533.731200 338.045400
4.057708 568.531200 387.617400
4.074253 580.636800 433.663200
4.090630 584.371200 438.204600
4.107049 574.473600 421.788600
4.123423 598.732800 417.096000
4.139917 584.707200 393.298200
4.156403 564.720000 397.315800
4.172756 543.331200 389.723400
4.189173 554.515200 409.033800
4.205557 565.392000 393.514200
4.222042 608.476800 401.414400
4.238458 612.096000 406.058400
4.254907 589.632000 388.697400
4.271290 555.772800 361.254600
4.287807 547.228800 349.277400
4.304099 593.481600 357.777000
4.320627 583.689600 395.296200
4.336973 587.654400 399.799800
4.353480 553.228800 426.605400
4.369859 538.310400 421.102800
4.386284 534.412800 416.858400
4.402754 584.572800 455.635800
4.419102 631.315200 452.930400
4.435582 640.598400 469.314000
4.451997 555.033600 494.694000
4.468418 584.371200 479.196000
4.484861 577.699200 467.202600
4.501303 589.180800 445.591800
4.517786 618.460800 405.307800
4.534204 614.716800 400.825800
4.550598 551.952000 697.561200
4.566998 576.508800 719.690400
4.583414 591.148800 735.307200
4.599867 609.600000 793.200600
4.616347 611.884800 787.352400
4.632677 615.014400 788.799600
4.649140 580.646400 776.574000
4.665703 579.148800 787.384800
4.682076 575.270400 785.057400
4.698482 588.441600 775.564200
4.714909 576.268800 800.760600
4.731262 580.233600 803.050200
4.747702 549.465600 872.229600
4.764547 504.345600 846.925200
4.780620 493.036800 838.814400
4.797019 492.345600 857.412000
4.813495 503.020800 854.901000
4.829913 503.020800 854.901000
4.846334 545.193600 839.138400
4.862766 568.003200 853.140600
4.879079 568.003200 853.140600
4.895507 529.353600 843.291000
4.911994 531.619200 833.711400
4.928415 522.960000 827.798400
4.944861 546.998400 829.747800
4.961274 518.688000 829.132200
4.977703 524.390400 833.484600
4.994186 512.889600 855.397800
5.010539 556.406400 844.792200
5.027009 560.092800 847.125000
5.043479 558.518400 889.990200
5.059848 528.883200 887.938200
5.076290 523.171200 884.088000
5.092683 558.739200 844.894800
5.109200 707.904000 797.126400
5.125584 707.904000 797.126400
5.141969 1319.558400 861.429600
5.158446 1240.454400 916.741800
5.174887 1238.620800 918.248400
5.191245 1264.896000 877.969800
5.207720 1264.656000 887.765400
5.224162 1260.816000 893.111400
5.240519 1274.707200 900.266400
5.257081 1271.827200 887.981400
5.273542 1269.964800 891.410400
5.289848 1275.072000 871.338600
5.306453 1320.345600 916.201800
5.322664 1325.107200 910.909800
5.339097 1316.073600 864.880200
5.355641 1276.809600 845.964000
5.371972 1280.697600 838.128600
5.388415 1291.680000 884.331000
5.404847 1274.928000 846.385200
5.421328 1274.928000 846.385200
5.437723 1303.027200 849.798000
5.454198 1293.849600 868.471200
5.470633 1291.660800 872.305200
5.486971 1281.158400 828.419400
5.503435 1277.904000 878.234400
5.519866 1277.904000 878.234400
5.536285 1551.388800 929.329200
5.552722 1587.446400 894.726000
5.569118 1587.446400 894.726000
5.585537 1561.996800 935.420400
5.601975 1552.713600 924.858000
5.618453 1552.713600 924.858000
5.634831 1561.833600 922.482000
5.651327 1577.673600 909.154800
5.667726 1582.752000 905.693400
5.684203 1577.424000 925.047000
5.700602 1590.374400 872.073000
5.716972 1587.072000 873.612000
5.733454 1521.820800 867.963600
5.749880 1538.726400 842.972400
5.766202 1527.158400 852.503400
5.782686 1556.774400 912.254400
5.799119 1538.044800 890.983800
5.815597 1540.060800 890.811000
5.831951 1550.851200 874.540800
5.848369 1550.668800 841.374000
5.864846 1563.657600 830.169000
5.881223 1543.113600 880.956000
5.897743 1546.540800 910.537200
5.914117 1543.612800 912.076200
5.930579 1504.579200 815.227200
5.946973 1533.379200 818.721000
5.963347 1524.556800 826.988400
5.979871 1506.000000 860.592600
5.996325 1499.596800 873.887400
6.012731 1497.878400 876.306600
6.029161 1524.038400 859.955400
6.045537 1535.846400 876.117600
6.062015 1535.971200 876.015000
6.078369 1563.840000 871.009200
6.094846 1553.155200 882.392400
6.111248 1548.787200 885.767400
6.127664 1507.900800 901.281600
6.144204 1517.001600 882.824400
6.160575 1521.091200 879.411600
6.176949 1528.598400 870.328800
6.193454 1542.768000 908.566200
6.209824 1546.982400 905.472000
6.226284 1536.211200 840.801600
6.242666 1533.552000 859.636800
6.259123 1538.323200 855.559800
6.275597 1539.216000 877.262400
6.292028 1531.267200 877.942800
6.308393 1535.884800 874.162800
6.324883 1548.950400 872.775000
6.341323 1554.038400 861.197400
6.357658 1554.038400 861.197400
6.374094 1575.696000 832.329000
6.390593 1572.835200 874.557000
6.406952 1572.835200 874.557000
6.423392 1547.088000 890.006400
6.439879 1546.800000 843.550200
6.456244 1542.096000 847.611000
6.472723 1544.160000 894.704400
6.489117 1537.977600 896.826600
6.505597 1533.206400 900.487800
6.521992 1564.252800 930.690000
6.538522 1578.470400 919.679400
6.554916 1575.206400 920.926800
6.571391 1507.536000 880.173000
6.587721 1526.044800 899.397000
6.604195 1529.644800 897.431400
6.620516 1533.273600 879.157800
6.636936 1545.475200 885.351600
6.653413 1549.708800 882.041400
6.669787 1586.678400 869.302800
6.686354 1552.339200 884.309400
6.702658 1540.118400 893.025000
6.719220 1550.131200 892.269000
6.735532 1484.419200 895.120200
6.751967 1491.254400 890.848800
6.768447 1554.624000 890.757000
6.784843 1646.860800 896.583600
6.801271 1660.963200 886.399200
6.817644 1416.595200 908.301600
6.834098 1405.324800 918.950400
6.850537 1397.990400 927.363600
6.867001 1410.048000 955.789200
6.883450 1401.369600 952.398000
6.899891 1400.985600 952.765200
6.916373 1433.318400 944.136000
6.932674 1419.782400 933.978600
6.949117 1423.372800 930.646800
6.965494 1401.888000 925.538400
6.981940 1413.916800 936.997200
6.998369 1413.916800 936.997200
7.014826 1422.499200 937.996200
7.031224 1412.256000 957.090600
7.047663 1412.256000 957.090600
7.064119 1424.486400 927.903600
7.080538 1456.473600 936.678600
7.096943 1460.313600 933.481800
7.113366 1458.787200 917.735400
7.129844 1460.707200 936.030600
7.146221 1460.707200 936.030600
7.162617 1469.068800 935.485200
7.179133 1444.512000 965.309400
7.195542 1444.512000 965.309400
7.211917 1391.424000 928.000800
7.228391 1403.376000 944.460000
7.244892 1403.376000 944.460000
7.261281 1388.995200 893.889000
7.277726 1390.156800 898.376400
7.294118 1390.156800 898.376400
7.310496 1393.689600 925.511400
7.326916 1456.281600 945.367200
7.343487 1459.161600 943.952400
7.359843 1509.772800 827.177400
7.376283 1523.049600 913.393800
7.392718 1519.766400 914.986800
7.409143 1512.412800 898.948800
7.425479 1520.332800 917.395200
7.441995 1504.435200 928.562400
7.458369 1522.473600 945.540000
7.474848 1516.761600 890.989200
7.491264 1515.465600 892.641600
7.507669 1528.070400 943.180200
7.524096 1429.718400 917.973000
7.540577 1440.028800 908.199000
7.556968 1298.083200 884.622600
7.573407 1263.600000 883.440000
7.589904 1263.600000 883.440000
7.606222 1231.056000 904.716000
7.622662 1296.720000 933.336000
7.639140 1294.435200 936.635400
7.655471 1307.990400 961.988400
7.671952 1250.006400 935.323200
7.688368 1253.990400 930.360600
7.704743 1334.553600 929.912400
7.721232 1335.859200 895.271400
7.737610 1336.464000 893.484000
7.754116 1309.564800 901.827000
7.770577 1323.273600 932.412600
7.786992 1318.137600 939.043800
7.803369 1243.152000 987.681600
7.819848 1221.590400 948.542400
7.836252 1221.590400 948.542400
7.852663 1274.428800 985.170600
7.869096 1264.838400 929.323800
7.885475 1266.816000 925.943400
7.901971 1237.958400 955.567800
7.918378 1244.044800 940.194000
7.934828 1244.044800 940.194000
7.951280 1258.704000 893.554200
7.967696 1286.284800 955.351800
7.984076 1284.105600 958.435200
8.000575 1231.708800 934.146000
8.016970 1218.700800 941.932800
8.033364 1218.700800 941.932800
8.049846 1285.065600 976.293000
8.066294 1219.987200 944.951400
8.082637 1223.222400 939.918600
8.099076 1074.163200 938.428200
8.115629 1118.985600 949.865400
8.131952 1118.793600 945.318600
8.148412 1053.072000 879.201000
8.164722 1061.606400 961.696800
8.181327 1061.846400 967.561200
8.197645 1111.948800 940.404600
8.214097 1100.755200 973.425600
8.230575 1101.820800 974.975400
8.246973 1121.990400 988.335000
8.263383 1095.955200 954.482400
8.279783 1095.436800 949.773600
8.296223 1039.641600 935.085600
8.312624 1080.422400 936.862200
8.329074 1081.468800 938.671200
8.345570 1141.900800 959.752800
8.361891 1122.912000 963.322200
8.378447 1122.038400 961.707600
8.394766 1129.353600 980.866800
8.411174 1115.068800 928.902600
8.427753 1115.673600 930.609000
8.444170 1092.633600 941.160600
8.460447 1102.809600 940.863600
8.476915 1102.819200 940.766400
8.493439 1068.892800 930.517200
8.509828 1095.129600 923.788800
8.526221 1093.920000 925.468200
8.542724 1124.784000 917.497800
8.559098 1095.292800 986.256000
8.575585 1095.283200 986.342400
8.592017 1119.254400 970.650000
8.608289 1083.868800 950.977800
8.624871 1082.803200 949.147200
8.641225 1085.126400 919.042200
8.657703 1104.230400 1010.448000
8.674040 1106.764800 1010.367000
8.690492 1094.851200 960.508800
8.706972 1042.656000 945.642600
8.723344 1041.676800 944.740800
8.739748 1104.451200 947.262600
8.756225 1073.913600 898.743600
8.772647 1073.904000 906.060600
8.789106 1117.200000 967.555800
8.805511 1085.846400 935.814600
8.821953 1085.846400 935.814600
8.838351 1105.488000 995.538600
8.854813 1033.094400 927.331200
8.871203 1033.094400 927.331200
8.887671 1075.507200 962.636400
8.904067 1078.454400 927.250200
8.920450 1078.454400 927.250200
8.936980 1109.827200 975.045600
8.953325 1144.675200 988.918200
8.969804 1146.844800 984.933000
8.986305 1117.248000 948.326400
9.002630 1050.115200 930.506400
9.019022 1049.097600 928.848600
9.035555 1038.355200 898.765200
9.051972 1094.544000 971.568000
9.068384 1094.313600 974.543400
9.084796 1120.848000 944.800200
9.101176 1136.054400 958.019400
9.117595 1137.408000 951.474600
9.134126 1163.510400 916.531200
9.150511 1171.132800 941.641200
9.167078 1171.132800 941.641200
9.183365 1154.620800 931.278600
9.199823 1144.195200 963.937800
9.216366 1144.070400 968.754600
9.232645 1127.942400 974.116800
9.249028 1104.422400 931.737600
9.265525 1103.500800 930.036600
9.282021 1092.748800 948.942000
9.298404 1211.856000 911.655000
9.314772 1211.923200 913.453200
9.331253 1206.355200 942.283800
9.347652 1219.900800 909.840600
9.364053 1219.641600 908.020800
9.380461 1170.633600 901.130400
9.396890 1128.662400 950.767200
9.413376 1128.086400 953.877600
9.429798 1165.161600 921.466800
9.446127 1162.454400 982.951200
9.462709 1163.721600 981.644400
9.479112 1117.564800 962.388000
9.495500 1096.540800 971.319600
9.512006 1096.972800 965.638800
9.528418 1129.680000 925.867800
9.544935 1120.262400 981.865800
9.561206 1118.332800 985.667400
9.577660 1139.760000 930.835800
9.594052 1120.588800 880.675200
9.610434 1119.619200 888.348600
9.626951 1094.976000 948.715200
9.643359 1124.457600 934.162200
9.659770 1126.243200 929.124000
9.676181 1128.892800 916.504200
9.692601 1153.152000 954.045000
9.709078 1154.707200 948.040200
9.725518 1112.841600 862.736400
9.741971 1069.430400 929.982600
9.758332 1068.374400 934.788600
9.774826 921.763200 881.998200
9.791188 884.496000 865.549800
9.807724 888.691200 871.608600
9.824000 869.001600 910.456200
9.840592 888.960000 857.536200
9.856988 888.576000 858.870000
9.873377 888.153600 892.560600
9.889705 879.513600 892.393200
9.906233 881.510400 894.601800
9.922626 867.110400 932.607000
9.939075 889.209600 914.187600
9.955421 885.408000 905.477400
9.971948 929.068800 866.170800
9.988378 874.742400 701.600400
10.004722 872.563200 701.103600
10.021211 903.148800 484.401600
10.037630 900.787200 464.599800
10.054026 905.040000 478.099800
10.070502 919.852800 562.226400
10.087004 958.089600 481.620600
10.103376 956.236800 477.165600
10.119841 910.675200 546.523200
10.136255 827.961600 486.567000
10.152676 827.856000 482.722200
10.169047 837.417600 517.379400
10.185481 829.651200 508.771800
10.201942 824.803200 497.782800
10.218372 853.401600 448.065000
10.234793 894.940800 441.288000
10.251158 896.899200 445.305600
10.267580 875.155200 501.174000
10.284087 862.512000 452.800800
10.300480 860.438400 448.480800
10.316885 853.795200 484.407000
10.333352 876.758400 440.710200
10.349764 878.822400 448.885800
10.366228 892.464000 486.729000
10.382722 945.811200 506.239200
10.399022 947.145600 513.648000
10.415502 499.766400 216.761400
10.432007 429.878400 231.508800
10.448394 438.662400 246.510000
10.464826 405.974400 220.428000
10.481258 401.702400 260.145000
10.497658 406.224000 264.864600
10.514075 400.204800 237.049200
10.530474 435.715200 243.691200
10.546942 429.580800 234.360000
10.563326 384.105600 217.236600
10.579781 411.513600 233.760600
10.596207 407.232000 222.323400
10.612608 436.176000 246.547800
10.628996 251.212800 117.909000
10.645427 238.742400 104.754600
10.661970 308.313600 139.098600
10.678358 310.204800 152.004600
10.694803 328.003200 176.682600
10.711258 333.331200 234.932400
10.727575 298.790400 246.531600
10.744036 290.515200 236.082600
10.760401 357.590400 171.790200
10.776947 273.484800 181.040400
10.793329 270.432000 175.716000
10.809724 271.507200 156.967200
10.826118 366.355200 206.857800
10.842601 366.134400 206.539200
10.859000 300.508800 181.629000
10.875470 326.793600 202.440600
10.891953 326.793600 202.440600
10.908341 351.638400 146.053800
10.924725 348.672000 214.255800
10.941202 355.075200 223.074000
10.957572 340.243200 217.404000
10.974048 348.720000 247.654800
10.990566 355.276800 256.429800
11.006879 345.100800 232.502400
11.023441 343.209600 222.571800
11.039807 336.537600 213.505200
11.056174 352.320000 215.001000
11.072627 337.641600 190.787400
11.088996 333.772800 187.137000
11.105421 320.649600 206.226000
11.121889 303.177600 195.490800
11.138363 303.417600 195.820200
11.154817 310.838400 158.155200
11.171150 470.889600 322.552800
11.187678 470.889600 322.552800
11.204082 399.792000 247.141800
11.220444 405.532800 289.062000
11.236988 403.113600 283.932000
11.253356 359.606400 272.899800
11.269730 383.155200 237.562200
11.286203 375.907200 227.340000
11.302604 420.758400 242.514000
11.319050 426.595200 199.211400
11.335552 428.630400 204.287400
11.351887 500.812800 211.804200
11.368303 453.158400 218.948400
11.384729 457.929600 224.461800
11.401158 434.102400 226.870200
11.417552 407.260800 236.563200
11.434077 415.248000 250.263000
11.450504 336.259200 236.347200
11.466919 378.806400 261.462600
11.483300 384.038400 266.954400
11.499747 314.169600 312.228000
11.516211 337.094400 248.767200
11.532639 331.478400 243.162000
11.549022 365.942400 276.809400
11.565398 410.073600 223.597800
11.581985 417.475200 234.673200
11.598281 388.982400 225.293400
11.614779 338.620800 215.406000
11.631162 329.280000 200.723400
11.647762 364.579200 171.633600
11.664043 325.104000 124.902000
11.680448 309.158400 101.811600
11.697000 268.243200 65.604600
11.713354 246.537600 87.053400
11.729748 249.254400 92.993400
11.746170 299.788800 114.993000
11.762609 598.665600 936.954000
11.779115 608.275200 943.709400
12.009040 342.480000 436.077000
12.025445 342.480000 436.077000
12.042016 386.275200 231.049800
12.058354 385.843200 250.943400
12.074800 392.140800 259.837200
12.091269 376.166400 276.604200
12.107607 371.712000 217.884600
12.124090 378.355200 227.291400
12.140594 397.977600 316.839600
12.156857 348.009600 203.806800
12.173275 338.448000 188.379000
12.189758 338.678400 206.485200
12.206208 323.328000 195.480000
12.222576 310.982400 180.781200
12.238969 392.236800 200.151000
12.255505 390.403200 211.728600
12.271884 397.795200 222.679800
12.288275 383.769600 215.179200
12.304783 385.737600 228.187800
12.321183 394.348800 241.660800
12.337653 390.777600 279.903600
12.354049 393.225600 246.364200
12.370474 395.078400 245.494800
12.386859 375.955200 197.640000
12.403327 356.486400 207.370800
12.419723 337.795200 183.135600
12.436156 338.668800 132.348600
12.452602 352.790400 136.339200
12.468996 358.128000 142.408800
12.485456 367.459200 175.581000
12.501925 373.699200 165.688200
12.518293 374.707200 169.128000
12.534724 392.035200 162.907200
12.551208 318.892800 184.960800
12.567574 331.593600 200.356200
12.584045 342.643200 178.383600
12.600449 366.758400 167.810400
12.616928 352.272000 146.426400
12.633275 365.769600 149.920200
12.649779 389.971200 233.204400
12.666133 392.035200 238.647600
12.682563 417.648000 249.490800
12.698997 379.872000 240.888600
12.715421 385.296000 246.434400
12.731869 381.916800 237.335400
12.748307 373.036800 236.649600
12.764709 351.648000 206.814600
12.781216 379.651200 198.930600
12.797546 383.203200 184.075200
12.814068 391.248000 198.072000
12.830366 411.744000 240.543000
12.846920 437.385600 279.223200
12.863314 454.742400 303.420600
12.879676 433.267200 322.968600
12.896075 412.848000 313.551000
12.912653 381.120000 267.975000
12.929033 358.272000 182.163600
12.945408 348.681600 143.548200
12.961794 340.800000 138.574800
12.978274 436.358400 239.754600
12.994679 475.027200 339.633000
13.011195 497.808000 370.342800
13.027679 451.891200 322.444800
13.044048 388.281600 276.177600
13.060398 374.793600 257.639400
13.076793 405.235200 227.664000
13.093381 411.888000 250.165800
13.109763 420.633600 265.037400
13.126159 446.601600 293.976000
13.142549 458.198400 297.939600
13.158970 464.860800 307.956600
13.175399 488.198400 306.682200
13.191883 496.320000 331.241400
13.208250 488.054400 316.764000
13.224674 472.387200 332.726400
13.241084 458.294400 329.923800
13.257649 447.820800 316.283400
13.274003 464.313600 323.541000
13.290425 468.566400 353.559600
13.307108 474.835200 362.642400
13.323249 519.993600 369.532800
13.339705 509.001600 314.587800
13.356179 514.790400 323.919000
13.372643 525.321600 334.071000
13.389003 530.361600 346.577400
13.405435 534.518400 350.789400
13.421892 534.153600 341.031600
13.438226 537.369600 340.583400
13.454954 529.756800 325.123200
13.471173 508.646400 319.474800
13.487526 502.396800 297.016200
13.504087 497.356800 291.751200
13.520451 495.744000 252.741600
13.536856 507.177600 297.232200
13.553298 514.099200 308.593800
13.569750 534.489600 330.566400
13.586098 534.988800 330.166800
13.602541 534.988800 330.166800
13.619073 559.132800 303.064200
13.635418 499.526400 322.579800
13.651858 499.526400 322.579800
13.668301 409.776000 212.603400
13.684775 406.108800 203.056200
13.701098 416.016000 221.837400
13.717528 393.398400 264.076200
13.733969 432.624000 265.809600
13.750345 450.009600 290.509200
13.766882 478.704000 279.185400
13.783307 465.158400 261.354600
13.799674 459.129600 251.802000
13.816111 434.179200 238.912200
13.832566 436.377600 320.554800
13.848947 434.092800 315.408600
13.865353 533.366400 302.481000
13.881855 777.580800 252.547200
13.898288 775.257600 251.883000
13.914700 947.942400 297.928800
13.931074 987.484800 317.746800
13.947833 989.366400 336.960000
13.963969 1018.118400 385.203600
13.980478 1031.452800 342.279000
13.996862 1031.856000 329.362200
14.013301 1027.238400 332.818200
14.029685 1002.230400 275.297400
14.046087 1000.790400 257.369400
14.062544 1020.681600 240.850800
14.078977 997.017600 263.325600
14.095357 997.017600 263.325600
14.111832 1035.024000 254.745000
14.128250 1026.796800 285.579000
14.144685 1026.249600 275.621400
14.161105 992.976000 220.087800
14.177654 991.968000 192.520800
14.193999 990.576000 186.462000
14.210423 1045.334400 224.278200
14.226915 985.152000 196.317000
14.243248 988.022400 206.069400
14.259653 1000.694400 206.874000
14.276178 961.622400 246.402000
14.292548 960.019200 242.200800
14.309030 1025.443200 204.606000
14.325381 1065.552000 129.016800
14.341792 1064.860800 145.751400
14.358218 1095.715200 165.369600
14.374712 1062.979200 159.699600
14.391119 1063.670400 153.387000
14.407570 1067.299200 195.544800
14.423922 1073.030400 116.289000
14.440397 1072.156800 111.110400
14.456836 1053.062400 132.969600
14.473336 1068.470400 165.790800
14.489746 1071.148800 176.634000
14.506200 1071.782400 186.796800
14.522550 1083.369600 179.506800
14.538953 1082.323200 153.484200
14.555375 1012.694400 143.499600
14.571856 1039.440000 132.024600
14.588301 1039.449600 132.354000
14.604670 1040.016000 155.498400
14.621074 1038.960000 154.132200
14.637522 1038.960000 154.132200
14.653913 1029.494400 169.570800
14.670364 1024.924800 165.801600
14.686771 1024.166400 170.397000
14.703198 1028.016000 144.671400
14.719694 1036.848000 171.379800
14.736110 1038.067200 176.396400
14.752586 1037.222400 202.046400
14.769158 1044.892800 181.423800
14.785405 1044.576000 171.952200
14.801852 1034.150400 176.396400
14.818235 1095.494400 158.614200
14.834664 1094.332800 163.166400
14.851045 1086.144000 169.203600
14.867619 1047.715200 170.370000
14.883951 1048.320000 190.954800
14.900439 995.798400 219.639600
14.916885 1026.710400 222.426000
14.933248 1027.756800 242.654400
14.949729 996.192000 291.146400
14.966099 1000.790400 287.274600
14.982524 1001.548800 296.357400
14.998950 1090.032000 315.014400
15.015372 1237.296000 316.958400
15.031881 1240.646400 297.750600
15.048251 1343.328000 308.593800
15.064650 1343.404800 243.950400
15.081076 1347.984000 230.472000
15.097549 1400.870400 226.627200
15.114028 1380.729600 198.439200
15.130383 1380.345600 199.708200
15.146786 1345.833600 245.100600
15.163314 1349.779200 260.755200
15.179673 1349.779200 260.755200
15.196050 1371.840000 254.426400
15.212524 1374.499200 245.651400
15.229019 1374.499200 245.651400
15.245458 1357.104000 246.148200
15.261927 1350.249600 265.199400
15.278251 1359.004800 238.199400
15.294672 1367.289600 191.170800
15.311053 1378.723200 145.794600
15.327494 1381.718400 135.108000
15.343985 1428.796800 200.734200
15.360430 1392.403200 126.484200
15.376912 1381.046400 160.023600
15.393261 1332.662400 241.239600
15.409665 1386.364800 161.163000
15.426043 1385.808000 166.703400
15.442507 1429.123200 244.722600
15.458969 1434.835200 226.227600
15.475396 1441.824000 206.766000
15.491968 1384.320000 197.186400
15.508226 1416.720000 176.077800
15.524711 1416.720000 176.077800
15.541100 1367.731200 181.288800
15.557632 1382.928000 177.746400
15.573957 1382.928000 177.746400
15.590374 1415.808000 480.772800
15.688943 1396.790400 522.433800
15.705373 1372.828800 510.051600
15.721738 1373.433600 506.379600
15.738324 1392.144000 507.470400
15.754673 1353.436800 513.653400
15.771132 1356.019200 509.392800
15.787490 1271.424000 504.500400
15.804092 1304.860800 511.882200
15.820455 1305.120000 508.561200
15.836830 1268.736000 504.921600
15.853382 1229.116800 507.324600
15.869685 1230.969600 506.860200
15.886115 1239.974400 516.234600
15.902474 1285.881600 489.213000
15.918947 1291.968000 467.294400
15.935367 1272.000000 445.699800
15.951744 1273.756800 436.503600
15.968300 1273.756800 436.503600
15.984618 1289.011200 458.038800
16.001094 1333.785600 460.792800
16.017509 1333.785600 460.792800
16.033937 1251.177600 478.256400
16.050338 1253.376000 483.969600
16.066783 1253.376000 483.969600
16.083220 1297.507200 422.890200
16.099698 1262.476800 536.970600
16.116117 1260.480000 540.437400
16.132490 1263.216000 534.470400
16.148948 1222.790400 536.743800
16.165368 1222.694400 540.334800
16.181859 1193.731200 522.892800
16.198219 1200.067200 511.029000
16.214594 1199.702400 507.297600
16.231094 1205.817600 478.936800
16.247590 1208.620800 507.178800
16.263911 1205.836800 518.016600
16.280410 1215.580800 529.275600
16.296778 1219.296000 553.635000
16.313304 1219.497600 556.691400
16.329784 1228.790400 553.564800
16.346095 1224.796800 512.492400
16.362606 1226.121600 505.942200
16.378929 1224.614400 514.792800
16.395344 1218.787200 518.907600
16.411820 1218.787200 518.907600
16.428208 1196.784000 525.231000
16.444697 1193.942400 531.079200
16.461082 1193.942400 531.079200
16.477493 1200.691200 545.724000
16.494003 1233.196800 486.426600
16.510313 1230.096000 497.264400
16.526889 1239.552000 548.667000
16.543265 1242.297600 537.132600
16.559673 1240.636800 548.067600
16.576227 1234.358400 533.471400
16.592575 1245.254400 535.469400
16.609072 1246.819200 528.859800
16.625397 1244.716800 495.768600
16.641820 1236.720000 488.926800
16.658222 1236.720000 488.926800
16.674697 1232.169600 499.683600
16.691093 1209.820800 506.455200
16.707556 1209.820800 506.455200
16.723896 1203.062400 492.318000
16.740319 1212.096000 463.600800
16.756843 1213.516800 455.473800
16.773326 826.521600 473.558400
16.789747 825.033600 454.005000
16.806206 822.134400 441.903600
16.822630 834.892800 483.645600
16.839023 814.569600 476.598600
16.855386 811.872000 468.860400
16.871785 839.308800 416.863800
16.888187 838.176000 442.281600
16.904771 838.176000 442.281600
16.921078 800.611200 459.788400
16.937629 785.443200 457.509600
16.953899 785.894400 461.241000
16.970445 484.665600 470.874600
16.986845 570.576000 444.004200
17.003241 580.819200 460.096200
17.019655 574.512000 532.348200
17.036034 578.899200 540.847800
17.052569 577.344000 537.008400
17.068897 548.112000 510.462000
17.085395 512.774400 464.086800
17.101763 506.966400 456.111000
17.118282 484.396800 473.320800
17.134730 483.206400 504.943200
17.151091 491.068800 516.013200
17.167444 506.563200 518.092200
17.183866 556.089600 522.131400
17.200311 566.208000 536.247000
17.216819 505.392000 443.377800
17.233248 603.408000 451.958400
17.249766 603.408000 451.958400
17.266088 613.401600 507.551400
17.282468 617.136000 505.094400
17.298870 611.808000 494.245800
17.315338 595.555200 496.227600
17.331872 578.486400 473.628600
17.348277 573.187200 465.528600
17.364613 558.662400 440.386200
17.381033 566.582400 443.512800
17.397485 566.582400 443.512800
17.413909 608.342400 440.737200
17.430376 624.624000 444.155400
17.446687 624.624000 444.155400
17.463193 552.000000 437.070600
17.479594 581.625600 422.425800
17.496168 581.625600 422.425800
17.512606 604.483200 432.604800
17.528908 531.398400 457.579800
17.545361 527.520000 453.486600
17.561732 550.147200 519.885000
17.578199 528.902400 526.440600
17.594658 534.537600 533.892600
17.611101 523.881600 530.658000
17.627467 513.494400 522.617400
17.643868 519.350400 530.123400
17.660343 513.945600 531.738000
17.676740 518.121600 526.905000
17.693196 512.256000 519.366600
17.709573 685.996800 609.022800
17.726065 1065.004800 573.226200
17.742510 1065.868800 569.818800
17.758948 1257.888000 535.593600
17.775270 1363.036800 539.524800
17.791812 1360.406400 542.770200
17.808207 1312.262400 509.544000
17.824658 1303.728000 515.003400
17.841072 1301.318400 522.687600
17.857471 1311.302400 506.973600
17.873969 1336.665600 545.605200
17.890406 1342.032000 534.934800
17.906823 1308.316800 508.707000
17.923187 1329.264000 500.067000
17.939579 1332.182400 488.808000
17.956035 1341.926400 483.159600
17.972468 1322.524800 502.151400
17.988840 1320.000000 509.679000
18.005349 1298.112000 490.141800
18.021822 1337.011200 489.186000
18.038185 1334.908800 492.485400
18.054792 1329.273600 530.096400
18.071068 1312.867200 540.237600
18.087454 1312.800000 543.596400
18.103885 1235.788800 527.871600
18.120343 1243.257600 518.146200
18.136752 1243.094400 514.647000
18.153252 1206.182400 485.049600
18.169595 1203.139200 494.688600
18.186035 1201.958400 505.807200
18.202471 1214.140800 517.082400
18.218967 1220.073600 521.953200
18.235356 1219.891200 522.833400
18.251826 1237.651200 515.489400
18.268203 1249.008000 502.167600
18.284658 1249.008000 502.167600
18.301032 1247.721600 525.301200
18.317412 1370.716800 574.068600
18.333982 1370.716800 574.068600
18.350422 1410.758400 571.784400
18.366823 1411.305600 608.099400
18.383270 1411.305600 608.099400
18.399615 1374.768000 598.347000
18.416034 1379.884800 597.483000
18.432529 1385.894400 587.412000
18.448947 1463.760000 591.181200
18.465340 1428.710400 576.936000
18.481737 1429.257600 573.415200
18.498241 1389.868800 556.243200
18.514620 1400.121600 566.514000
18.531009 1394.476800 576.423000
18.547480 1422.230400 558.187200
18.563962 1394.812800 620.875800
18.580482 1400.140800 614.012400
18.596702 1470.758400 850.640400
18.613231 1476.307200 850.840200
18.629604 1478.476800 847.238400
18.645970 1462.867200 833.965200
18.662476 1468.732800 854.101800
18.678892 1461.110400 861.748200
18.695324 1426.195200 836.238600
18.711720 1215.321600 708.879600
18.728133 1215.369600 712.341000
18.744573 1177.267200 678.547800
18.760975 1180.704000 683.380800
18.777410 1182.220800 680.675400
18.793926 1200.038400 638.490600
18.811100 1194.595200 586.990800
18.826721 1192.396800 586.116000
18.843139 1166.601600 641.487600
18.859614 1181.721600 659.701800
18.876035 1180.944000 668.746800
18.892467 1200.028800 659.874600
18.909001 1206.364800 642.481200
18.925391 1207.574400 636.843600
18.941696 1130.448000 639.144000
18.958141 1149.811200 646.693200
18.974617 1150.627200 649.042200
18.991051 1278.153600 852.903000
19.007385 1231.824000 892.333800
19.023897 1235.116800 884.709000
19.040285 1221.628800 868.341600
19.056735 1258.262400 817.279200
19.073213 1261.584000 809.389800
19.089558 1270.780800 861.267600
19.106005 1229.616000 847.648800
19.122485 1229.616000 847.648800
19.138889 1211.059200 839.521800
19.155326 1218.182400 810.340200
19.171742 1217.942400 807.235200
19.188230 1228.531200 849.263400
19.204613 1269.811200 817.867800
19.220980 1267.814400 824.045400
19.237443 996.288000 911.476800
19.253932 974.976000 939.508200
19.270417 975.129600 939.983400
19.286872 960.748800 925.020000
19.303216 997.718400 929.437200
19.319541 997.075200 931.284000
19.336150 994.272000 933.471000
19.352468 993.120000 904.521600
19.368822 993.945600 908.182800
19.385286 966.086400 985.392000
19.631798 856.886400 906.498000
19.648286 812.323200 941.365800
19.664624 814.819200 944.379000
19.681001 794.620800 952.246800
19.697494 754.713600 957.787200
19.713874 758.256000 961.912800
19.730222 319.219200 873.909000
19.746782 349.555200 894.326400
19.763175 354.566400 896.259600
19.779729 342.163200 892.393200
19.796129 325.948800 892.792800
19.812447 320.755200 890.908200
19.828930 300.604800 900.525600
19.845286 416.745600 949.627800
19.861711 421.248000 951.528600
19.878159 359.491200 948.601800
19.894588 337.516800 939.114000
19.911093 338.995200 940.069800
19.927424 338.793600 970.471800
19.943944 361.209600 972.988200
19.960276 375.235200 978.663600
19.976701 436.272000 961.740000
19.993142 422.755200 967.744800
20.009633 422.755200 967.744800
20.026015 418.137600 974.997000
20.042455 578.284800 941.646600
20.058965 568.377600 935.344800
20.075244 1435.305600 895.843800
20.091692 1601.616000 884.352600
20.108122 1606.204800 881.145000
20.124625 1589.548800 931.046400
20.140994 1585.814400 933.514200
20.157405 1580.563200 936.808200
20.173914 1564.867200 923.221800
20.190250 1548.835200 933.039000
20.206806 1548.835200 933.039000
20.223191 1536.912000 928.751400
20.239605 1531.123200 923.848200
20.256021 1535.856000 920.424600
20.272428 1547.260800 918.459000
20.288857 1545.561600 916.396200
20.305316 1550.304000 913.005000
20.321720 1597.699200 846.855000
20.338149 1606.377600 898.300800
20.354544 1606.377600 898.300800
20.371066 1554.460800 907.275600
20.387474 1533.590400 902.626200
20.403874 1529.011200 906.114600
20.420307 1523.923200 885.475800
20.436727 1494.806400 878.596200
20.453152 1497.984000 876.690000
20.469615 1558.176000 844.641000
20.486012 1605.408000 835.574400
20.502534 1606.905600 833.419800
20.518784 1555.017600 835.385400
20.535226 1532.140800 829.580400
20.551807 1530.499200 831.794400
20.568228 1641.859200 484.444800
20.584582 1637.856000 466.533000
20.601052 1639.526400 462.202200
20.617522 1634.006400 473.774400
20.633864 1615.996800 493.840800
20.650282 1610.294400 501.638400
20.666706 1615.987200 491.437800
20.683148 1610.966400 459.729000
20.699603 1620.364800 448.070400
20.715973 1615.267200 415.470600
20.732509 1629.820800 396.592200
20.748773 1629.984000 396.343800
20.765324 1643.193600 387.547200
20.781799 1626.153600 401.792400
20.798139 1616.899200 414.180000
20.814621 1625.712000 269.735400
20.830946 1478.044800 207.435600
20.847428 1477.910400 207.754200
20.863820 1524.076800 219.024000
20.880296 1550.976000 185.743800
20.896726 1548.134400 190.063800
20.913205 1531.449600 246.067200
20.929521 1535.001600 261.954000
20.946065 1521.561600 290.082600
20.962397 1513.872000 315.111600
20.978798 1504.243200 279.234000
20.995262 1500.105600 288.354600
21.011720 1485.081600 259.243200
21.028043 1471.651200 256.986000
21.044548 1486.281600 226.395000
21.060944 1537.056000 205.815600
21.077422 1550.208000 144.234000
21.093859 1565.116800 108.518400
21.110290 1283.078400 97.394400
21.126670 1074.163200 136.026000
21.143171 1074.259200 158.058000
21.159569 1036.012800 129.902400
21.175979 1030.560000 126.441000
21.192431 1029.811200 131.630400
21.208869 1034.918400 138.218400
21.225299 1047.638400 150.276600
21.241712 1047.600000 148.964400
21.258136 1042.636800 115.954200
21.274660 1038.374400 116.764200
21.291008 1039.257600 111.801600
21.307513 992.428800 132.769800
21.323882 991.075200 103.950000
21.340321 990.854400 88.030800
21.356728 1152.105600 116.267400
21.373168 1157.328000 162.329400
21.389505 1155.964800 167.335200
21.405991 1108.636800 160.639200
21.422573 1153.987200 117.390600
21.438862 1155.014400 123.557400
21.455233 1057.315200 279.396000
21.701645 244.214400 210.605400
21.718181 229.910400 188.233200
21.734574 241.315200 203.747400
21.751048 220.272000 187.725600
21.767537 254.275200 223.792200
21.783929 263.068800 234.495000
21.800324 170.083200 206.042400
21.816701 137.952000 188.292600
21.833074 134.524800 182.892600
21.849520 196.598400 173.750400
21.865964 193.363200 178.200000
21.882396 200.880000 187.088400
21.898868 206.563200 193.131000
21.915220 212.188800 205.772400
21.931679 223.257600 220.514400
21.948036 232.665600 238.690800
21.964578 194.304000 487.965600
21.980968 192.451200 485.217000
21.997486 285.369600 836.665200
22.013788 257.260800 845.008200
22.030320 244.464000 839.219400
22.046681 229.267200 832.188600
22.063065 275.270400 860.074200
22.079524 290.668800 867.742200
22.095928 242.505600 859.194000
22.112445 258.604800 871.576200
22.128814 266.064000 875.107800
22.145328 274.041600 859.690800
22.161649 275.078400 826.875000
22.178083 275.078400 826.875000
22.194630 263.500800 825.271200
22.210949 271.593600 819.320400
22.227423 271.593600 819.320400
22.243855 261.638400 821.232000
22.260265 242.284800 854.593200
22.276681 234.585600 850.878000
22.293097 497.155200 913.966200
22.309678 531.408000 913.950000
22.326016 531.408000 913.950000
22.342357 548.736000 920.289600
22.358835 576.624000 909.835200
22.375176 576.624000 909.835200
22.391632 566.985600 908.809200
22.408112 506.563200 897.939000
22.424586 504.412800 896.038200
22.440982 538.608000 922.995000
22.457421 507.561600 914.382000
22.473827 506.544000 913.766400
22.490239 501.561600 906.843600
22.506621 491.270400 904.365000
22.523208 486.124800 901.243800
22.539685 519.302400 677.122200
22.555920 553.363200 710.013600
22.572403 543.552000 699.850800
22.588876 442.377600 630.860400
22.605352 506.083200 594.280800
22.621741 507.763200 597.618000
22.638096 505.430400 628.284600
22.654498 483.062400 659.707200
22.670892 498.672000 674.065800
22.687400 562.771200 651.153600
22.703864 519.206400 294.429600
22.720232 507.033600 274.368600
22.736647 503.980800 106.606800
22.753080 440.649600 89.634600
22.769600 437.347200 85.762800
22.785968 454.675200 108.000000
22.802449 479.452800 173.356200
22.818856 484.012800 178.929000
22.835293 492.931200 51.710400
22.851712 513.283200 115.403400
22.868191 515.232000 123.433200
22.884579 511.718400 117.968400
22.900907 501.686400 204.411600
22.917448 510.316800 214.893000
22.933793 661.622400 195.366600
22.950276 973.075200 119.674800
22.966645 967.852800 83.019600
22.983097 1093.795200 109.323000
22.999546 1011.868800 180.711000
23.015969 1013.923200 196.349400
23.032443 1099.670400 209.428200
23.048772 1059.686400 216.059400
23.065231 1059.456000 205.480800
23.081654 1095.158400 185.382000
23.098094 1040.947200 191.894400
23.114531 1041.772800 175.554000
23.131007 1053.312000 167.599800
23.147433 1109.222400 190.620000
23.163791 1106.534400 199.249200
23.180192 1096.540800 204.714000
23.196585 1099.344000 246.747600
23.213168 1098.604800 278.877600
23.229572 1100.582400 263.098800
23.245999 984.652800 231.476400
23.262548 984.460800 215.978400
23.278802 1007.328000 201.717000
23.295198 1042.118400 165.213000
23.311661 1041.273600 143.807400
23.328155 1056.969600 167.869800
23.344577 1002.230400 165.018600
23.360977 1002.230400 165.018600
23.377462 1012.252800 125.382600
23.394007 1025.443200 178.664400
23.410355 1025.443200 178.664400
23.426703 1140.412800 189.491400
23.443229 1346.198400 198.979200
23.459557 1341.168000 213.888600
23.475925 1316.985600 235.947600
23.492382 1330.588800 246.677400
23.508924 1330.444800 251.856000
23.525260 1341.859200 245.710800
23.541648 1302.412800 270.113400
23.558114 1306.972800 250.732800
23.574569 1325.136000 245.883600
23.591031 1332.508800 262.445400
23.607439 1332.508800 262.445400
23.623806 1335.235200 265.275000
23.640164 1335.964800 262.899000
23.656734 1335.600000 267.888600
23.673069 1368.422400 336.576600
23.689505 1298.073600 491.389200
23.706007 1297.968000 495.655200
23.722354 1270.435200 465.982200
23.738832 1286.025600 473.812200
23.755247 1286.131200 469.497600
23.771645 1326.950400 479.131200
23.788280 1322.515200 491.211000
23.804410 1317.360000 506.736000
23.820977 1317.907200 530.226000
23.837358 1391.270400 589.231800
23.853781 1391.059200 591.678000
23.870232 1451.808000 876.085200
23.886641 1467.052800 876.911400
23.903022 1471.891200 870.874200
23.919559 1447.209600 858.205800
23.935917 1422.624000 851.077800
23.952323 1428.336000 845.758800
23.968772 1431.033600 867.493800
23.985253 1420.896000 878.995800
24.001597 1418.121600 882.003600
24.018094 1528.041600 890.983800
24.034427 1512.345600 893.203200
24.050903 1504.761600 898.727400
24.067405 1503.945600 895.206600
24.083720 1469.740800 893.397600
24.100176 1466.611200 895.644000
24.116680 1444.176000 906.130800
24.133051 1433.424000 860.047200
24.149564 1432.588800 861.861600
24.165968 1571.808000 878.180400
24.182278 1553.875200 832.512600
24.198771 1563.369600 824.207400
24.215227 1498.713600 837.961200
24.231598 1477.747200 842.454000
24.248108 1481.817600 838.333800
24.264580 1589.587200 814.660200
24.280956 1547.020800 816.496200
24.297437 1542.307200 820.827000
24.313863 1481.328000 863.195400
