0.000000 12.153041 7.699073
0.016570 10.264667 6.154258
0.032881 8.379981 4.889882
0.049404 1.403031 0.020136
0.066046 -8.518537 -7.434372
0.082208 -8.927502 -5.919691
0.098665 -5.293792 -3.583080
0.115077 -0.981040 0.984509
0.640727 3.837010 5.679234
0.657322 7.319560 8.775906
0.673615 9.380377 9.019788
0.690115 7.586355 6.360050
0.706420 0.991566 0.468099
0.722944 -1.563128 -1.835893
0.739256 0.125002 1.167122
0.755665 -0.751195 0.912511
0.772177 -1.346577 0.461520
0.788616 -0.928206 -0.262489
0.804974 -0.812560 -1.337725
0.821411 -0.657173 -1.532565
0.837831 -0.245719 -1.259607
0.854330 0.079570 -0.583991
0.870706 0.251830 0.242227
0.887130 -0.741118 1.765556
0.903577 0.064417 0.563398
0.919985 1.195793 -0.110540
0.936405 2.524486 -3.632554
0.952804 3.240292 -6.750217
0.969227 3.852299 -8.224095
0.985755 3.451504 -7.721518
1.002129 2.163354 -4.744403
1.018807 0.319264 -0.903956
1.035162 -0.598464 1.851907
1.051455 0.234840 2.074849
1.068021 0.868156 1.901048
1.084283 1.933943 -1.183996
1.100730 0.434121 -2.150227
1.117258 -1.896189 -2.474654
1.133662 -4.941410 -2.280163
1.150085 -6.657424 -1.174050
1.166500 -6.745779 0.109303
1.182913 -5.119408 0.482405
1.199374 -2.666489 0.201901
1.215762 -0.099515 -1.420551
1.232184 0.425629 -2.187168
1.248600 -0.199993 -0.982960
1.265116 0.438862 1.738497
1.281496 0.596594 2.773384
1.297908 0.564412 3.315347
1.314362 -0.254696 1.981018
1.330790 -0.251148 1.974938
1.347214 -0.381431 0.098394
1.363599 -0.794359 -1.740924
1.380046 -0.904620 -1.496746
1.396479 0.009366 -1.100035
1.412851 -0.489714 -1.235652
1.429449 -0.349361 -2.120879
1.445748 2.097136 -0.982115
1.462217 5.591924 0.501310
1.478598 8.117906 1.748230
1.494996 8.278722 0.334753
1.511506 7.162332 0.295068
1.527871 4.749694 0.597434
1.544384 1.522254 0.568930
1.560810 -0.973411 0.503879
1.577138 -0.796688 0.637033
1.593601 -0.082923 0.513025
1.610086 -0.544551 -0.001604
1.626369 -0.802702 -0.839930
1.642837 -0.267746 -0.839936
1.659351 0.416912 -0.645578
1.675707 -0.537031 -0.332005
1.692122 0.561161 0.261769
1.708501 2.717735 1.110342
1.724975 3.906190 1.413832
1.741476 4.017879 1.493318
1.757953 3.297025 1.527143
1.774247 2.152965 1.295367
1.790780 0.545394 0.901817
1.807099 -1.152211 -0.022463
1.823543 -1.709777 -1.090290
1.839981 0.332074 -1.948494
1.856460 0.889559 -3.133605
1.872821 0.478661 -3.264107
1.889226 0.342891 -2.824903
1.905695 -0.049536 -2.583443
1.922101 0.078942 -1.610970
1.938601 0.426207 -0.675277
1.955031 0.837368 0.264981
1.971489 0.974689 1.302411
1.987902 1.194554 1.519441
2.004227 0.398508 1.618831
2.020821 1.340436 1.520588
2.037154 2.908817 1.091881
2.053581 3.957070 1.328825
2.069984 5.108963 1.041829
2.086341 5.162687 0.258888
2.102850 4.541899 -0.405137
2.119231 2.613143 -1.084916
2.135710 0.990457 -1.857990
2.152260 -0.231581 -1.581675
2.168581 -0.281710 -0.819147
2.185042 -0.853567 0.804478
2.201475 -0.579779 1.822137
2.217860 0.247160 1.794079
2.234331 0.226488 2.175090
2.250781 -1.127871 2.411375
2.267178 -1.026204 2.014501
2.283597 0.211746 1.017910
2.300075 1.604118 -0.377139
2.316458 1.953144 -1.245768
2.332875 2.568807 -1.585842
2.349349 1.859041 -1.686805
2.365782 0.912064 -0.891878
2.382204 -0.084986 0.478624
2.398636 -0.268437 1.480126
2.415014 1.163298 1.387444
2.431479 1.124192 1.039350
2.447850 1.337922 0.511359
2.464331 1.925053 0.684850
2.480727 -1.080342 0.519178
2.497203 -3.508916 0.847320
2.513676 -8.909665 0.325744
2.530076 -14.514188 -0.994831
2.546475 -17.484538 -2.292448
2.562927 -16.636406 -3.348161
2.579269 -12.483939 -3.336948
2.595725 -6.504991 -2.658425
2.612193 -1.596599 -1.590870
2.628589 -0.058929 -0.572685
2.645032 2.424009 -0.181727
2.661477 -0.418515 -0.295337
2.677918 -2.361925 -0.060727
2.694332 -4.343039 0.262711
2.710751 -5.254319 0.398751
2.727147 -4.843648 0.731505
2.743581 -3.181777 0.904589
2.760030 -1.365516 0.997409
2.776418 0.349406 0.749820
2.792882 1.573216 -0.039172
2.809245 0.513297 -0.286682
2.825737 -0.278650 -0.503182
2.842143 -0.599732 -0.418812
2.858598 -0.297261 0.098008
2.874999 0.033406 0.827340
2.891453 0.165858 1.160008
2.907904 0.019830 0.636263
2.924362 0.352946 0.008580
2.940792 0.434917 -0.126580
2.957143 -0.143526 -0.102186
2.973623 0.361590 0.087154
2.990060 1.245215 0.104727
3.006518 0.231040 -1.037469
3.022872 1.262218 -0.262374
3.039324 1.963961 0.504786
3.055735 4.666607 3.366504
3.072144 7.831682 6.964523
3.088640 9.874811 9.411178
3.104920 10.058405 9.779099
3.121354 8.640965 8.200930
3.137793 4.948546 4.868512
3.154256 1.183732 1.902521
3.170727 0.230294 0.729899
3.187147 -1.345937 -0.649932
3.203542 0.080674 -0.036043
3.220011 0.629622 -0.027135
3.236431 0.956757 -0.279732
3.252835 0.765324 0.034040
3.269278 0.211828 -0.038534
3.285732 -0.495237 -0.464795
3.302025 -1.141808 -0.628577
3.318496 -1.189540 -0.969809
3.334954 -0.403637 -0.397321
3.351410 0.505809 -0.577264
3.367883 0.938788 -0.520376
3.384308 1.221495 -0.488087
3.400640 0.778048 -0.444684
3.417133 0.111190 -0.549765
3.433575 0.811545 0.260223
3.450008 -0.269270 0.798802
3.466372 -2.498039 0.821365
3.482850 -5.183936 0.479657
3.499270 -7.018379 -1.332572
3.515743 -7.158112 -1.494033
3.532081 -6.197035 -0.258702
3.548530 -3.760310 0.031308
3.564984 -0.468550 -0.163179
3.581405 2.200540 -1.778299
3.597884 1.660835 -2.827635
3.614207 0.920079 -2.679165
3.630743 -0.145019 -1.649751
3.647100 -0.807890 -0.255292
3.663475 -1.220659 1.657514
3.679915 -1.009560 2.140941
3.696389 0.235265 0.576561
3.712880 1.104496 -0.215057
3.729331 -0.481122 -0.301466
3.745624 0.907695 0.177096
3.762105 3.293333 0.641301
3.778476 5.609681 1.509660
3.794976 7.584392 1.008777
3.811453 7.359773 0.562832
3.827851 5.217132 0.330709
3.844269 2.424671 -0.616407
3.860649 -0.561611 -0.902081
3.877120 -1.653641 -0.790626
3.893497 0.267858 -0.613330
3.909959 -0.045555 -0.036214
3.926386 -0.305542 0.077627
3.942849 0.094053 -0.356688
3.959237 -0.362336 0.219505
3.975654 -0.527837 0.655831
3.992223 -0.716305 0.289003
4.008484 -0.197229 1.198357
4.025020 0.123491 1.555926
4.041379 0.042925 1.297384
4.336999 0.289828 0.788080
4.353542 0.224366 0.429214
4.369917 -0.207218 0.288930
4.386395 -0.531521 0.166660
4.402768 -0.592207 -0.390482
4.419298 -0.698179 -0.747063
4.435704 0.541099 0.688157
4.452126 0.446874 -0.768642
4.468540 -0.093895 -2.756821
4.484933 -0.150877 -4.833726
4.501332 -0.140322 -6.514788
4.517833 0.232486 -7.439733
4.534200 0.782174 -7.076695
4.550868 0.340615 -4.984577
4.567095 0.221161 -1.704075
4.583533 0.032405 0.749847
4.599948 -0.848871 0.998306
4.616426 -0.998254 1.899355
4.632946 -0.296642 1.776157
4.649224 -0.114820 0.985942
4.665643 0.003235 0.013366
4.682205 -0.009751 -0.241622
4.698507 0.127634 0.304893
4.714975 0.284487 1.266755
4.731349 0.591419 1.280494
4.747823 0.710610 1.206960
4.764185 0.625478 0.689672
4.780727 0.039953 -0.394408
4.797199 -0.856763 -1.769488
4.813501 -1.725188 -2.531845
4.830006 -1.602736 -2.096578
4.846372 -0.841608 -1.462935
4.862931 0.174886 -1.254050
4.879205 1.073994 0.059774
4.895609 1.154873 1.053094
4.912143 0.951067 1.074270
4.928584 0.113540 -0.099796
4.944857 -0.410392 -0.322500
4.961350 -0.705755 -1.180890
4.977747 -0.089717 0.835549
4.994331 0.420333 3.990035
5.010705 0.780631 6.982553
5.027042 0.926369 9.447643
5.043496 0.861389 8.354864
5.059954 0.581587 6.238019
5.076315 0.337733 2.277789
5.092746 0.295634 -0.510920
5.109167 0.203468 -2.616686
5.125727 0.507334 -1.527864
5.142103 0.381614 -1.458802
5.158453 0.406871 -1.193299
5.175086 0.544981 -0.489377
5.191382 -0.650406 0.483628
5.207810 -0.853820 1.238849
5.224240 -2.772234 2.070913
5.240668 -5.970294 3.555257
5.257072 -8.583729 4.276541
5.273507 -9.677061 3.275360
5.290007 -8.632623 2.124966
5.306375 -5.716159 1.396725
5.322747 -2.469217 0.898817
5.339142 0.064186 0.728018
5.355613 1.971727 0.381901
5.372101 0.809649 0.512861
5.388518 -0.118673 0.064632
5.405061 -0.354697 -0.332872
5.421408 -0.547889 -0.875879
5.437749 -0.622344 -0.330343
5.454226 -0.729895 -0.157708
5.470599 -1.354054 -0.303085
5.486995 -1.431530 -0.406549
5.503602 -0.806563 -0.330981
5.519948 -0.538449 -1.071645
5.536337 -0.376148 -1.408508
5.552834 -0.486298 -1.547378
5.569178 -0.466345 -1.379056
5.585600 -0.432758 -0.806974
5.602033 -0.420898 -0.256578
5.618525 -0.716228 0.528697
5.634951 0.212276 0.340595
5.651311 -0.075379 -0.475528
5.667760 0.846480 -1.740974
5.684188 3.029599 -1.679711
5.700584 5.151323 -0.831663
5.717069 5.804015 -0.816981
5.733632 5.167346 -0.876840
5.749899 3.784868 -0.647140
5.766275 2.067165 -1.241111
5.782853 0.701570 -2.054692
5.799225 -0.058127 -1.218282
5.815552 0.619258 -0.766267
5.832155 0.360937 0.096330
5.848564 -0.391636 0.435031
5.864979 -0.817346 0.078608
5.881330 -0.236495 0.806833
5.897724 0.232796 1.192725
5.914229 0.298128 0.897181
5.930654 0.113369 0.649743
5.947082 -0.111469 -0.346116
5.963456 -0.779783 -1.885159
5.979927 -1.530982 -2.349208
5.996306 -2.159239 -2.920422
6.012721 -2.154980 -1.634454
6.029161 -1.669055 0.163980
6.045604 -0.786904 1.677450
6.062257 -0.337949 2.027237
6.078488 0.586669 1.372575
6.094907 0.158517 -0.215167
6.111328 0.258861 -1.445790
6.127733 2.302506 -1.652198
6.144314 5.225044 -0.278818
6.160610 7.194036 2.257644
6.177014 8.070411 2.592161
6.193479 7.184462 1.182660
6.209958 5.029848 -0.171253
6.226285 2.109156 -1.239288
6.242705 -0.672742 -1.002324
6.259262 -1.070927 -0.681701
6.275610 -0.642582 -0.346504
6.291993 -0.582415 -0.437991
6.308449 -0.361436 -0.304979
6.324926 0.251829 -0.598109
6.341276 0.121304 0.046410
6.357699 0.208534 1.177798
6.374173 0.287567 1.636400
6.390633 0.353679 2.026434
6.407088 0.730000 0.788137
6.423411 2.149658 -0.080390
6.439878 3.674650 -1.479486
6.456308 3.438168 -1.346545
6.472786 2.676467 -1.399929
6.489141 1.862743 -1.044207
6.505617 0.899540 -0.169987
6.521998 -0.172327 0.928943
6.538556 -1.116289 1.269000
6.555349 0.752731 0.679103
6.571313 0.947290 0.141575
6.587705 -0.464234 0.013537
6.604184 -2.708381 0.379339
6.620607 -3.565907 -0.064724
6.636964 -3.843822 -0.262424
6.653452 -3.477047 -0.810326
6.669931 -2.001754 -1.198228
6.686330 -0.394265 -1.098392
6.702753 0.985501 -0.284310
6.719178 -0.209229 0.407848
6.735576 -0.178476 0.983989
6.752066 -0.207465 1.078300
6.768406 -0.145715 1.074530
6.784883 -0.283598 0.666085
6.801492 -0.284005 0.130672
6.817746 -0.226077 0.579691
6.834174 0.349890 0.931863
6.850645 -0.383130 1.603182
6.867081 -0.877774 0.660030
6.883506 -0.805221 -0.793232
6.900048 -1.088824 -2.750047
6.916304 -1.225319 -3.640606
6.932702 -1.302953 -3.449291
6.949173 -0.873379 -2.159478
6.965575 0.016567 -0.159400
6.982015 1.145079 1.499258
6.998400 1.173358 2.575436
7.014884 1.811572 2.401406
7.031271 1.600708 2.234041
7.047742 0.176187 1.966244
7.064205 -0.805176 1.777817
7.080674 -1.545092 1.001825
7.097045 -2.344391 -0.258492
7.113455 0.000513 -1.013498
7.129841 3.005107 -1.272606
7.146328 5.358203 -0.821480
7.162753 6.932595 -0.039416
7.179183 7.106588 0.527248
7.195590 5.160839 1.389033
7.212118 2.531503 1.375725
7.228510 -0.269714 0.743528
7.244988 -1.533579 -0.309767
7.261256 -0.261090 -0.943667
7.277779 -0.365339 -1.635387
7.294243 0.137578 -0.842376
7.310729 0.531013 -0.438597
7.327098 0.429852 0.135815
7.343459 0.062581 0.426843
7.359886 -0.014279 0.041504
7.376400 0.138302 -0.272314
7.392698 -0.307948 -0.362584
7.409157 -0.364085 -0.024022
7.425677 -0.120713 0.272750
7.442127 0.599594 1.041527
7.458473 0.650848 0.222563
7.474905 0.619031 -0.239142
7.491300 0.615907 -0.985024
7.507733 0.274948 -0.958093
7.524235 0.868083 -0.519757
7.540655 -1.017715 0.551540
7.556962 -2.629782 1.369897
7.573427 -3.974804 1.638778
7.589833 -4.952826 1.289183
7.606307 -4.841228 0.289193
7.622710 -3.620025 -0.469228
7.639175 -1.150811 -1.214761
7.655599 0.909987 -1.570645
7.672011 1.931362 -1.686169
7.688377 0.338738 -1.349364
7.704859 0.018230 -0.820618
7.721329 -0.591083 -0.004074
7.737765 -0.704608 0.815944
7.754136 -0.414368 1.990036
7.770627 -0.479263 2.904534
7.787018 0.874175 1.819747
7.803515 -0.077652 -0.087008
7.819853 -1.112646 -1.874416
7.836299 -3.235062 -3.229893
7.852723 -4.695851 -3.361000
7.869199 -4.829856 -2.147031
7.885579 -4.695170 -0.641253
7.902012 -3.633665 1.248911
7.918511 -1.291254 2.028794
7.934987 0.322151 1.153674
7.951308 -0.074756 0.723272
7.967728 0.212785 0.698894
7.984156 -0.446013 0.009847
8.000604 -0.194332 -0.521437
8.017015 0.198923 -1.266656
8.033508 0.476334 -1.992865
8.049802 0.381737 -1.201264
8.066302 -0.657913 0.126658
8.082862 -2.537763 1.044211
8.099174 -3.305147 1.393303
8.115628 -3.246342 0.889408
8.131987 -2.570110 -0.796843
8.148432 -1.401175 -1.591384
8.164851 -0.259447 -1.590229
8.181254 -0.274971 -1.052553
8.197749 -1.036885 0.090985
8.214085 -1.056601 0.682764
8.230523 -1.483372 0.560270
8.246988 -0.745009 0.349292
8.263452 1.111997 -0.054767
8.279827 0.853527 0.063843
8.296356 -0.427769 0.604678
8.312731 -1.969362 0.867557
8.329116 -3.201532 0.908896
8.345550 -3.806077 0.872622
8.362021 -3.774359 0.386938
8.378434 -3.220465 -0.324841
8.394869 -1.737749 -1.066892
8.411336 -0.871098 -1.259809
8.427705 -2.513665 -0.461810
8.444164 -0.969031 -0.147338
8.460602 0.739045 0.043423
8.477141 3.746816 0.039433
8.493404 6.164669 0.072438
8.509813 7.376540 0.186204
8.526254 7.177518 0.454953
8.542706 5.787051 0.651689
8.559173 3.478101 0.629464
8.575585 1.209183 0.169614
8.592088 0.609296 -0.734579
8.608483 -0.307371 -1.451490
8.624784 0.593209 -1.453413
8.641277 -0.920993 -0.816417
8.657758 -1.114358 0.462151
8.674156 -3.633435 0.913094
8.690612 -6.777674 1.362229
8.707017 -9.304128 1.827947
8.723558 -8.985388 1.126557
8.739926 -7.136979 0.452199
8.756383 -4.097817 -0.129734
8.772764 -2.017816 -0.558334
8.789122 -0.674391 -0.706271
8.805661 0.847198 -0.350064
8.822012 -0.465314 -0.411042
8.838428 -0.358031 0.705409
8.854853 -0.391594 1.357072
8.871365 0.708129 1.202233
8.887680 0.714208 1.705801
8.904132 0.883134 2.178277
8.920685 0.504815 0.959544
8.936962 0.309311 -0.456814
8.953487 -0.837835 -2.473404
8.969852 -1.665106 -3.153448
8.986328 -1.916888 -2.327839
9.002734 -0.954931 -0.955772
9.019157 0.499306 0.888990
9.035604 1.111069 2.757834
9.052018 0.954950 3.935662
9.068539 0.283030 1.641419
9.084856 -0.114352 -0.336887
9.101253 0.375604 -2.229177
9.117731 0.818363 -2.266292
9.134099 0.581004 -1.867609
9.150533 -0.081607 -0.667341
9.166922 -1.374188 0.060416
9.183403 -1.754085 0.537607
9.199800 -3.619631 0.758283
9.216257 -0.322152 -1.376404
9.232717 4.680345 -1.818668
9.249159 8.981334 -1.843009
9.265565 10.635753 -0.510796
9.281961 9.816148 0.190763
9.298398 6.321383 0.458028
9.314858 2.622710 0.129680
9.331223 -0.487861 0.505100
9.347751 -1.889071 0.717712
9.364101 0.545051 -0.401721
9.380503 0.832903 0.075916
9.396951 1.148992 0.497293
9.413447 0.459308 1.016054
9.429884 -0.205101 0.671431
9.446261 -0.784470 0.156696
9.462676 -0.248521 -0.523657
9.479123 -0.154634 -1.577849
9.495592 0.406036 -3.081800
9.511908 0.094638 -3.949104
9.528427 0.140285 -2.485650
9.544911 0.142323 -0.044837
9.561343 -1.050371 1.708985
9.577682 -0.735580 3.237962
9.594160 0.666079 4.067022
9.610556 0.655388 4.244800
9.626926 1.517618 2.815587
9.643438 1.833678 1.071923
9.659968 2.351101 -0.088425
9.676248 4.212960 -0.799680
9.692648 5.721968 -1.203590
9.709291 5.886311 -1.489832
9.725580 6.073834 -0.418185
9.742035 6.432483 3.082580
9.758483 1.617200 0.509933
9.774833 -4.182352 -7.829917
9.791354 -7.968438 -10.169502
9.807677 -7.355830 -8.049534
9.824078 -4.597434 -3.219505
10.103378 -1.058804 2.415145
10.119825 2.498742 7.031111
10.136276 5.158788 9.372014
10.152685 4.851521 7.018897
10.169134 0.361948 -0.926313
10.185614 -1.991618 -3.800565
10.201982 -0.204652 -0.067935
10.218471 2.633004 0.988549
10.234884 5.507380 1.540363
10.251304 7.476112 2.265000
10.267683 7.682191 2.478734
10.284205 6.239388 2.542338
10.300526 3.396900 0.916481
10.316897 0.565299 -0.017447
10.333555 -1.263175 -0.395391
10.349774 -0.869283 -0.042474
10.366253 -0.192181 -0.664257
10.382727 -0.192451 -1.166194
10.399184 -0.354005 -0.561131
10.415507 -0.457505 -0.024743
10.431961 1.427692 0.678141
10.448408 -0.118028 1.263886
10.464822 -2.734657 1.711212
10.481364 -5.622533 0.699116
10.497696 -7.477005 -0.967024
10.514078 -7.355793 -2.382491
10.530451 -5.689625 -2.994765
10.546984 -2.765713 -1.674716
10.563471 0.237595 -0.236386
10.579857 1.857384 0.907869
10.596282 -0.398746 1.866794
10.612756 -0.862131 1.442601
10.629073 -1.415361 1.175296
10.645659 -1.133553 0.493888
10.661958 -0.537189 -0.730478
10.678395 0.333026 -2.390478
10.694892 0.932914 -2.627265
10.711183 0.926920 -2.232803
10.727669 0.626544 -0.468674
10.744160 -0.260962 1.052760
10.760471 -0.514774 1.525137
10.776921 -0.348877 1.559666
10.793377 0.572864 0.483420
10.809777 0.648642 -0.693473
10.826189 -1.185293 -1.385851
10.842627 -0.560158 -0.514409
10.859122 1.643650 0.853063
10.875506 4.071044 1.807612
10.891959 6.222793 2.596573
10.908379 6.924538 2.714251
10.924865 5.781523 1.879090
10.941309 2.837730 -0.099417
10.957673 -0.321084 -1.170465
10.974099 -1.652474 -1.147455
10.990501 0.019401 -0.924964
11.007061 0.309963 -0.245010
11.023385 0.441544 0.882676
11.039778 0.077192 1.043345
11.056329 -0.515864 -0.312653
11.072732 -0.829760 -1.818147
11.089122 0.628382 -2.417056
11.105563 0.577425 -1.709472
11.121997 0.330906 -0.359996
11.138369 -2.265755 -0.239479
11.154777 -5.639976 0.502821
11.171254 -8.145104 0.891467
11.187653 -8.994847 -0.746883
11.204099 -7.592253 -1.107579
11.220509 -5.545396 -0.389803
11.236962 -1.964533 0.022511
11.253359 0.058902 -0.409159
11.269739 2.753265 -1.954628
11.286308 1.634727 -2.646814
11.302700 1.740616 -2.575502
11.319071 2.626358 -3.049167
11.335472 1.730207 -2.418915
11.351895 0.225606 -0.381294
11.368404 -0.985716 0.194050
11.384762 -1.074029 0.927342
11.401208 -1.140772 1.119123
11.417729 -1.090471 0.413991
11.434098 -0.815794 0.749408
11.450500 1.652641 0.488677
11.466926 2.941105 1.774516
11.483411 2.844314 2.796791
11.499866 2.898403 2.817073
11.516280 2.166171 2.917013
11.532648 1.395295 2.139840
11.549134 0.618880 0.017780
11.565550 -0.068860 -0.201915
11.581981 -0.638159 -1.074839
11.598430 -0.631108 -1.355292
11.614803 -0.738998 -1.343852
11.631170 -0.789319 -0.880037
11.647644 -0.689219 0.146126
11.664077 -0.423285 0.727881
11.680528 0.536943 0.929260
11.696930 0.965254 1.333580
11.713330 1.050220 0.780671
11.729859 0.570273 -0.989467
11.746253 0.370229 -0.361065
11.762683 -0.178343 -0.038204
11.779098 -1.517329 0.479399
11.795509 -0.103016 -0.207552
11.811982 2.044494 -0.937549
11.828300 4.884217 -1.183939
11.844798 6.138142 -1.572812
11.861155 6.326097 -1.731134
11.877710 4.409427 -1.371617
11.894157 1.853678 0.115878
11.910521 -0.685021 1.490347
11.926888 -1.616430 2.298198
11.943353 -0.164631 2.027144
11.959943 0.749407 1.375614
11.976227 2.425332 0.404908
11.992675 0.561992 -0.577577
12.009125 -2.184513 -0.489937
12.025526 -5.583091 -0.532508
12.041903 -7.323210 -0.157385
12.058362 -7.653399 -0.170797
12.074885 -6.010214 0.020545
12.091203 -3.176862 0.161144
12.107677 -0.287176 0.231643
12.124037 1.262763 0.791323
12.140529 0.722444 1.095966
12.156920 1.123214 0.646099
12.173327 0.702257 0.013779
12.189808 0.332677 0.070662
12.206239 -0.251239 0.350576
12.222565 -0.206324 0.655038
12.239190 -0.469849 0.505635
12.255501 -0.838731 0.431831
12.271933 -1.126859 -0.411780
12.288328 -0.653292 -0.915496
12.304833 0.461099 -0.289269
12.321248 0.569910 -0.359673
12.337599 0.840501 -2.109684
12.354034 1.187408 -3.844393
12.370588 1.149085 -6.059757
12.386880 0.385621 -6.434690
12.403326 0.196969 -4.823829
12.419778 0.033767 -2.625688
12.436182 0.155897 0.789416
12.452605 -0.410634 3.273671
12.469000 -1.093501 2.690738
12.485454 -0.559639 1.936384
12.501947 -0.087053 1.202797
12.518390 0.184325 0.911490
12.534867 0.596701 1.526226
12.551273 0.572606 1.987245
12.567631 0.603447 0.896362
12.584099 0.493737 0.393296
12.600470 -1.464783 -1.233984
12.617330 -0.062712 -1.307061
12.633386 2.885049 0.392083
12.649802 5.780823 1.862485
12.666255 7.404511 3.590146
12.682674 7.427085 3.820438
12.699096 5.621797 3.243246
12.715637 2.869367 1.369211
12.731901 -0.573021 0.425714
12.748382 -1.087277 1.093650
12.764756 0.034062 0.851396
12.781247 -2.008211 -2.654139
12.797682 -4.281331 -6.531217
12.814263 -6.503102 -8.790849
12.830493 -7.194932 -8.814188
12.846972 -6.026014 -6.008164
12.863348 -3.604988 -2.963773
12.879853 -1.021527 -0.080914
12.896191 0.489409 0.798909
12.912636 -0.091301 -1.953062
12.929038 -0.175164 -3.021201
12.945495 0.118019 -1.938513
12.961883 0.095321 0.524530
12.978400 0.364758 2.874535
12.994799 0.226009 3.615290
13.011219 0.027959 2.909463
13.027698 -0.539192 1.499072
13.044016 -0.776351 -0.517755
13.060494 -1.330645 -1.767851
13.076892 -1.479545 -2.050249
13.093381 -0.670373 -2.107067
13.109777 -0.595799 -0.972475
13.126214 -0.107491 0.177191
13.142703 -0.001515 -0.296915
13.159039 0.828408 1.540307
13.175568 1.558158 3.585608
13.191947 2.758857 5.369080
13.208379 2.074685 6.630828
13.224847 2.251493 6.695671
13.241233 1.783492 5.939743
13.257652 0.632554 4.797245
13.274129 0.090037 1.971559
13.290506 -0.615373 -0.579954
13.306889 -0.028412 -0.381134
13.323291 0.050064 -0.946473
13.339848 -0.279792 -0.885587
13.356142 -0.497554 -0.421568
13.372618 0.353167 0.208654
13.389097 0.583308 1.032892
13.405473 -0.014394 0.643504
13.421950 -0.908463 -0.333835
13.438328 -1.817403 -0.810443
13.454756 -1.661761 -0.876118
13.471246 -1.117781 -1.092798
13.487643 -0.242837 -1.149060
13.504137 0.827729 -1.542851
13.520472 1.293465 -1.046565
13.536847 1.910536 -0.632102
13.553446 0.984325 -0.111972
13.569742 0.162098 0.927003
13.586178 -0.214373 1.244579
13.602650 -0.355671 0.551584
13.619002 -0.681000 0.183860
13.635447 -0.885022 0.589664
13.651976 -0.515120 -0.130233
13.668349 0.055467 0.580468
13.684815 0.558994 1.892723
13.701196 -0.846682 2.247782
13.717593 0.555943 1.450169
13.734071 1.767468 0.844253
13.750512 3.577414 -1.472192
13.766949 5.826623 -2.484489
13.783287 8.995067 -2.965092
13.799814 7.098773 -2.909469
14.309017 2.414477 -0.965054
14.325450 -3.021649 0.261192
14.341915 -7.060927 1.093507
14.358327 -7.181426 1.767783
14.374721 -6.377909 1.509821
14.391258 -2.854618 0.172063
14.407540 0.109722 0.247967
14.423995 0.829558 -0.293933
14.440468 -0.444568 -0.392804
14.457067 -0.245378 0.144969
14.473340 -0.953291 1.614120
14.489698 -0.484601 2.190728
14.506322 -0.068089 1.716488
14.522602 0.444842 0.955663
14.539197 0.131828 -0.235537
14.555471 -0.127813 -0.886226
14.571972 5.789268 2.065766
14.588346 1.040288 -0.405515
14.604786 -9.670442 -5.288408
14.621222 -18.930923 -10.142816
14.637577 -23.713087 -13.653507
