0.000000 26.873911 11.405617
0.016387 20.982449 9.618191
0.032745 10.749370 5.593823
0.049293 0.029600 0.651282
0.065611 -6.423556 -1.263232
0.082073 -0.239330 1.645163
0.098617 -0.161690 1.695697
0.114929 -0.376385 2.061569
0.131497 -0.094750 2.030894
0.147773 0.334949 1.161872
0.164294 0.389951 0.044313
0.180629 -0.144572 -0.864721
0.197069 -0.394869 -0.578417
0.213566 -1.074815 0.083313
0.230001 -0.770863 0.176357
0.246337 -0.418263 0.889134
0.262760 -0.124122 0.218472
0.279194 -0.020739 -1.428214
0.295634 -0.554557 -2.532884
0.312048 -0.819703 -2.149995
0.328607 -0.084481 -1.198760
0.344963 0.925085 0.044629
0.361318 1.595948 0.948532
0.377821 1.415351 2.009686
0.394204 0.011675 1.722914
0.410691 -1.475455 0.620343
0.427123 -2.097699 0.372452
0.443578 -1.271330 0.074602
0.459954 -0.223460 0.539371
0.476345 0.828609 0.414400
0.492817 1.470237 -0.035587
0.509189 1.241040 0.225695
0.525743 -0.187293 0.114602
0.542169 -1.551792 0.101650
0.558482 -1.257401 -0.702413
0.574995 -0.465609 -1.078425
0.591423 0.106769 -0.903749
0.607852 0.338068 -0.207455
0.624260 1.262549 -0.037781
0.640731 1.679822 0.075250
0.657168 1.440360 0.280398
0.673544 -0.186599 0.271050
0.690112 -1.085516 -1.131522
0.706368 -2.196476 1.151868
0.722779 -3.227105 5.603792
0.739365 -2.924067 8.766129
0.755591 -2.635916 10.142697
0.772067 -2.327104 9.123928
0.788601 -1.974056 6.512770
0.804922 -1.977946 3.222406
0.821509 -2.043141 0.210854
0.837834 -1.003035 -1.659537
0.854260 -1.853410 0.260464
0.870668 -0.807197 0.000014
0.887098 0.245601 -0.095283
0.903443 0.418639 0.000000
0.919965 0.634716 0.000000
0.936383 0.583085 0.000000
0.952795 0.509148 0.000000
0.969202 0.407585 0.000000
0.985718 0.017457 0.000000
1.002099 -0.632006 0.000000
1.018545 0.169460 0.000000
1.034906 -0.107020 0.000000
1.051442 -0.127236 0.000000
1.067784 -0.541348 0.000000
1.084193 -0.808965 0.000000
1.100700 -0.755357 0.000000
1.117180 -1.062058 0.000000
1.133656 -1.107426 0.000000
1.149981 -2.118967 0.000000
1.166338 -2.426249 0.000000
1.182832 -1.766592 0.000000
1.199217 -0.233759 0.000000
1.215663 0.147225 0.000000
1.232067 0.322090 0.815277
1.248467 0.272215 0.107442
1.264884 -0.438686 -1.442210
1.281338 -1.084076 -3.158314
1.297851 -1.929463 -4.013192
1.314361 -0.848836 -3.612639
1.330748 0.550507 -2.147913
1.347160 1.111596 -0.279681
1.363574 0.465360 1.240482
1.379943 -0.423338 1.640169
1.396338 -0.434996 0.633041
1.412935 -1.149594 -0.397722
1.429219 -1.425165 -1.103719
1.445718 -1.453056 -1.151000
1.462046 -0.801032 -1.288342
1.478524 -0.449171 -1.767191
1.494953 -0.997077 -1.274831
1.511425 -0.780299 -0.859216
1.527773 -0.031922 -0.524835
1.544239 1.004658 -0.105091
1.560673 0.585990 -0.021106
1.577119 0.182299 0.584884
1.593518 -0.724708 0.471370
1.609870 -0.933515 -0.181500
1.626313 -0.323752 -0.641824
1.642724 -0.583513 -1.023901
1.659150 -0.735292 -1.859682
1.675672 -1.051092 -1.915768
1.692046 -1.785972 -0.801491
1.708553 -2.157547 0.383286
1.725078 -1.684876 1.236675
1.741351 -0.500168 1.403022
1.757811 0.799203 1.170993
1.774228 1.055034 0.730465
1.790604 0.609789 -0.004379
1.807071 0.499212 -0.127818
1.823526 0.173254 -0.007113
1.839873 -0.306480 0.292000
1.856272 -0.067510 0.389542
1.872746 -0.907717 0.618749
1.889140 0.115500 0.518199
1.905621 1.948206 0.224496
1.922104 4.188245 -0.051064
1.938525 4.863987 -0.595024
1.954948 4.429442 -0.640548
1.971349 3.547205 -0.381964
1.987781 1.880279 -0.263248
2.004211 0.359251 -0.254836
2.020571 -1.525612 -0.105153
2.037003 0.622931 -1.158964
2.053450 2.196186 -2.299740
2.069871 3.311631 -3.135975
2.086363 3.312552 -2.766108
2.102830 3.740472 -1.676159
2.119204 2.931837 -0.482671
2.135621 1.597254 0.015473
2.152052 0.537775 0.623274
2.168522 0.121554 1.004597
2.184903 1.106502 0.376727
2.201318 0.719175 -0.116852
2.217809 0.402825 -0.943435
2.234205 0.018436 -1.090635
2.250635 -0.055027 -1.558501
2.267106 -0.083343 -1.786318
2.283465 0.153497 -0.676186
2.299936 -0.278990 0.617306
2.316319 -1.022782 0.886806
2.332740 -1.754545 1.093966
2.349173 -1.536111 1.297644
2.365687 -0.625343 1.915691
2.382126 -0.178999 1.907147
2.398523 0.132477 1.302998
2.414928 0.220302 0.591805
2.431328 -0.362613 0.094575
2.447812 -1.030795 -0.749194
2.464207 -0.971724 -0.657255
2.480577 -0.572327 0.596543
2.497083 0.211443 1.503125
2.513498 0.546516 2.128472
2.529980 0.449479 1.679425
2.546317 0.486502 0.903993
2.562742 0.021680 -0.152419
2.579171 0.302298 -1.097417
2.595571 0.411327 -1.527774
2.612095 -0.013300 -1.610101
2.628638 -0.369449 -1.286405
2.644847 -0.094594 -0.686529
2.661344 0.570072 -0.054070
2.677831 0.813204 0.176076
2.694209 0.372761 0.357514
2.710594 -0.165982 0.469398
2.727046 -0.459280 0.283392
2.743448 -1.069443 0.136390
2.759871 -1.234804 0.138365
2.776344 -0.056374 0.483676
2.792768 1.660238 -0.636097
2.809320 2.852789 -2.165108
2.825634 2.839217 -3.987256
2.842016 2.512138 -4.986434
2.858530 2.012048 -4.879238
2.874896 1.065420 -3.578180
2.891365 0.256521 -1.605515
2.907746 -0.406111 0.206215
2.924356 -0.071364 0.770281
2.940654 0.164788 0.241016
2.957090 0.301774 0.491952
2.973469 0.587397 0.276465
2.989978 0.680494 0.458498
3.006396 0.298003 0.377688
3.022765 -0.152825 0.992757
3.039209 -0.327982 0.606874
3.055571 -0.638486 -0.569876
3.072021 -0.521279 -0.490420
3.088426 -0.092705 -0.422450
3.104872 0.612686 -0.968502
3.121453 0.709977 -0.659460
3.137833 0.274488 -0.059949
3.154240 5.769255 3.644853
3.170585 -0.323426 1.025477
3.187076 -11.137094 -5.061370
3.203421 -21.006706 -10.291103
3.220077 -26.381269 -13.037412
