0.000000 758.380800 285.746400
0.016346 797.769600 373.782600
0.032742 778.252800 354.429000
0.049974 770.908800 332.667000
0.065674 718.569600 279.385200
0.082017 740.486400 277.705800
0.098717 741.945600 282.846600
0.114977 755.990400 332.132400
0.131487 739.795200 339.530400
0.147748 749.798400 368.334000
0.164184 757.824000 393.935400
0.180686 701.817600 178.011000
0.197022 694.012800 156.060000
0.213520 685.766400 64.870200
0.229984 656.832000 38.512800
0.246333 654.422400 29.705400
0.262769 651.830400 58.147200
0.279250 676.320000 40.014000
0.295632 678.768000 48.988800
0.311989 732.288000 33.744600
0.328504 745.459200 38.188800
0.344888 743.721600 29.278800
0.361340 562.396800 70.567200
0.377725 402.355200 33.280200
0.394202 405.849600 41.866200
0.410545 393.619200 19.245600
0.427080 462.364800 2.419200
0.443454 459.168000 0.000000
0.459854 366.854400 22.437000
0.476310 377.568000 31.239000
0.492804 386.044800 48.805200
0.509149 411.225600 74.363400
0.525681 407.040000 133.358400
0.542054 410.688000 140.329800
0.558440 443.443200 115.646400
0.574892 426.336000 128.860200
0.591376 433.363200 143.197200
0.607728 616.108800 342.041400
0.624238 588.537600 331.425000
0.640684 585.475200 325.263600
0.657079 586.665600 344.277000
0.673478 556.944000 300.817800
0.689853 547.468800 280.773000
0.706331 580.550400 245.489400
0.722808 558.441600 205.810200
0.739262 555.148800 198.628200
0.755612 540.000000 322.979400
0.772116 620.736000 288.678600
0.788551 620.736000 288.678600
0.804883 778.819200 335.907000
0.821352 1030.800000 345.421800
0.837735 1032.240000 357.064200
0.854106 1185.465600 358.138800
0.870579 1239.936000 415.373400
0.887030 1239.312000 422.355600
0.903435 1267.017600 428.911200
0.919975 1246.742400 389.577600
0.936339 1247.760000 364.305600
0.952935 1226.409600 403.547400
0.969213 1222.348800 370.623600
0.985576 1222.147200 389.086200
1.002021 1198.252800 406.236600
1.018434 1187.932800 382.282200
1.034895 1187.932800 382.282200
1.051318 1229.625600 343.564200
1.067814 1235.635200 361.411200
1.084209 1235.635200 361.411200
1.100572 1375.824000 418.926600
1.117022 1351.459200 436.330800
1.133429 1349.644800 450.122400
1.149904 1302.345600 434.732400
1.166321 1369.209600 437.437800
1.182776 1372.022400 419.358600
1.199200 1369.180800 435.996000
1.215601 1401.523200 398.007000
1.232053 1401.888000 395.739000
1.248451 1364.736000 386.445600
1.264885 1346.448000 457.180200
1.281399 1346.448000 457.180200
1.297737 1347.196800 381.310200
1.314231 1368.777600 408.429000
1.330588 1370.323200 397.283400
1.347078 1363.824000 406.171800
1.363485 1408.300800 400.453200
1.379859 1406.419200 411.582600
1.396326 1440.547200 422.112600
1.412699 1346.707200 430.353000
1.429199 1345.833600 436.719600
1.445554 1111.852800 403.504200
1.462093 848.112000 354.088800
1.478525 848.736000 356.448600
1.494930 812.822400 377.352000
1.511368 844.905600 349.347600
1.527684 844.905600 349.347600
1.544182 848.544000 331.144200
1.560633 836.476800 387.612000
1.577005 836.476800 387.612000
1.593440 831.830400 346.879800
1.609953 863.001600 362.178000
1.626394 861.216000 355.503600
1.642738 870.768000 259.497000
1.659131 942.460800 126.381600
1.675547 937.104000 93.058200
1.692031 936.220800 124.551000
1.708418 946.464000 187.396200
1.724834 948.019200 194.999400
1.741299 1004.198400 151.794000
1.757736 950.553600 199.827000
1.774127 955.737600 231.363000
1.790629 1029.120000 230.553000
1.806977 971.414400 214.763400
1.823475 973.449600 228.166200
1.839876 1010.064000 300.542400
1.856239 1055.980800 318.151800
1.872769 1056.796800 324.259200
1.889131 1048.982400 169.722000
1.905627 1099.622400 197.159400
1.921974 1097.904000 181.661400
1.938513 1135.795200 238.879800
1.954925 1075.228800 183.713400
1.971329 1073.577600 161.838000
1.987703 1087.824000 184.901400
2.004202 1101.091200 246.952800
2.020578 1102.118400 262.440000
2.037052 1024.003200 187.984800
2.053527 1034.208000 178.459200
2.069807 1033.296000 170.100000
2.086269 1082.448000 229.062600
2.102951 1020.201600 220.498200
2.119210 1018.617600 204.049800
2.135578 1132.416000 137.743200
2.152061 1064.265600 205.162200
2.168426 1066.857600 234.117000
2.184864 1147.670400 227.610000
2.201476 1075.747200 266.814000
2.217773 1077.110400 282.792600
2.234144 1126.176000 264.659400
2.250634 877.516800 295.666200
2.267007 875.923200 289.342800
2.283456 546.912000 370.251000
2.299954 571.968000 340.588800
2.316327 566.236800 328.519800
2.332756 556.070400 265.129200
2.349145 498.739200 272.916000
2.365590 502.166400 279.163800
2.382128 541.440000 310.462200
2.398517 553.795200 347.841000
2.414898 552.998400 346.798800
2.431284 556.560000 316.045800
2.447731 510.249600 300.569400
2.464102 489.571200 259.556400
2.480670 467.731200 204.352200
2.497010 497.376000 174.690000
2.513475 494.352000 166.941000
2.529843 522.240000 209.638800
2.546307 499.507200 236.935800
2.562686 513.552000 265.906800
2.579186 509.865600 275.221800
2.595587 499.353600 303.771600
2.611999 495.283200 296.330400
2.628479 499.824000 238.960800
2.644852 475.814400 199.492200
2.661332 465.484800 176.855400
2.677682 459.283200 235.207800
2.694134 491.520000 205.821000
2.710550 505.766400 235.548000
2.726951 509.884800 314.085600
2.743417 512.870400 274.746600
2.759825 512.870400 274.746600
2.776275 516.892800 351.999000
2.792704 477.148800 273.515400
2.809077 477.148800 273.515400
2.825599 468.624000 304.830000
2.841977 528.153600 309.349800
2.858395 535.296000 323.778600
2.875006 544.070400 351.210600
2.891361 538.176000 376.077600
2.907725 527.174400 355.676400
2.924248 396.979200 278.105400
2.940558 406.396800 174.209400
2.957033 403.027200 166.865400
2.973428 355.171200 167.157000
2.989963 414.105600 230.418000
3.006328 426.144000 252.914400
3.022774 435.974400 240.283800
3.039203 391.804800 271.171800
3.055592 383.424000 256.656600
3.071976 371.155200 198.228600
3.088441 383.404800 193.401000
3.104899 387.619200 200.934000
3.121327 371.260800 191.165400
3.137703 377.366400 204.741000
3.154079 381.638400 212.392800
3.170579 360.144000 191.824200
3.186952 428.102400 191.035800
3.203486 424.300800 183.200400
3.219830 441.772800 242.028000
3.236406 459.417600 231.098400
3.252704 455.280000 223.722000
3.269166 398.361600 175.186800
3.285587 382.857600 125.199000
3.302048 378.921600 117.120600
3.318372 390.576000 146.005200
3.334852 398.448000 184.809600
3.351328 415.084800 215.967600
3.367703 730.358400 251.105400
3.384185 879.523200 280.465200
3.400602 876.105600 265.264200
3.416952 883.497600 247.600800
3.433470 880.435200 269.886600
3.449827 878.592000 262.602000
3.466260 956.342400 220.757400
3.482702 920.803200 195.183000
3.499195 923.798400 209.860200
3.516040 952.819200 241.941600
3.531975 893.788800 305.818200
3.548394 898.243200 326.894400
3.564815 915.878400 352.031400
3.581268 967.737600 562.048200
3.597748 963.139200 540.172800
3.614100 982.732800 942.262200
3.630497 937.286400 1080.000000
3.647058 937.286400 1080.000000
3.663394 924.979200 1080.000000
3.679834 864.201600 1080.000000
3.696340 868.224000 1080.000000
3.712782 913.180800 1080.000000
3.729215 895.660800 1080.000000
3.745594 893.376000 1080.000000
3.761954 863.184000 1080.000000
3.778365 874.598400 1080.000000
3.794881 877.833600 1080.000000
3.811245 916.204800 1080.000000
3.827811 876.134400 1080.000000
3.844115 876.643200 1080.000000
3.860610 935.990400 1080.000000
3.876982 943.737600 1080.000000
3.893403 938.006400 1080.000000
3.909762 915.331200 1080.000000
3.926238 945.369600 1080.000000
3.942702 950.755200 1080.000000
3.959034 923.049600 1080.000000
3.975552 913.065600 1080.000000
3.991976 919.516800 1080.000000
4.008458 901.344000 1080.000000
4.024793 882.806400 1080.000000
4.041340 881.241600 1080.000000
4.057790 737.625600 902.647800
4.074246 638.371200 575.802000
4.090534 620.092800 543.105000
4.106973 586.771200 238.955400
4.123351 554.438400 205.394400
4.139859 547.507200 189.086400
4.156215 488.678400 144.509400
4.172714 539.558400 216.718200
4.189076 550.876800 242.627400
4.205530 549.830400 294.300000
4.221952 570.192000 252.212400
4.238371 572.668800 257.202000
4.254868 597.340800 255.787200
4.271221 565.075200 305.677800
4.287815 568.272000 313.335000
4.304113 559.612800 346.102200
4.320609 597.513600 263.304000
4.336934 582.950400 228.517200
4.353590 518.764800 307.665000
4.369864 567.820800 231.724800
4.386332 564.172800 224.294400
4.402647 488.947200 232.183800
4.419232 415.257600 183.600000
4.435581 423.244800 197.656200
4.451974 412.713600 178.372800
