0.000000 824.832000 396.786600
0.016392 780.009600 389.939400
0.032820 781.536000 399.146400
0.049296 781.536000 399.146400
0.065664 781.929600 402.310800
0.082181 804.969600 382.514400
0.098542 806.928000 388.346400
0.115929 828.451200 420.741000
0.131464 832.492800 407.311200
0.147832 834.048000 413.510400
0.164233 854.294400 448.826400
0.180670 856.963200 434.041200
0.197145 855.340800 428.479200
0.213643 853.440000 452.763000
0.229986 866.006400 481.858200
0.246472 867.484800 487.425600
0.262861 810.547200 524.431800
0.279207 846.912000 475.399800
0.295722 843.676800 464.589000
0.312223 810.537600 433.900800
0.328535 856.108800 618.856200
0.345036 856.108800 618.856200
0.361411 839.251200 751.663800
0.377840 849.264000 691.410600
0.394353 850.377600 695.428200
0.410738 808.694400 762.836400
0.427149 840.566400 781.590600
0.443487 842.755200 785.413800
0.460018 846.892800 805.480200
0.476361 899.923200 834.386400
0.492843 897.148800 827.344800
0.509318 784.521600 799.507800
0.525717 868.233600 742.872600
0.542289 871.267200 750.745800
0.558542 777.984000 711.536400
0.574990 769.622400 752.241600
0.591497 764.745600 742.656600
0.607782 778.473600 785.241000
0.624262 743.712000 727.255800
0.640773 741.340800 723.454200
0.657111 729.264000 722.595600
0.673545 748.425600 699.634800
0.690011 757.718400 718.113600
0.706340 801.129600 800.301600
0.722887 769.075200 784.177200
0.739270 771.484800 787.995000
0.755696 757.276800 742.624200
0.772173 795.715200 798.714000
0.788509 785.462400 777.735000
0.804980 748.972800 732.126600
0.821365 773.664000 711.223200
0.837862 767.299200 698.986800
0.854336 747.004800 752.722200
0.870701 714.758400 697.771800
0.887059 722.841600 712.346400
0.903536 797.232000 721.494000
0.919914 777.532800 741.112200
0.936418 778.617600 744.017400
0.952831 770.870400 774.921600
0.969245 873.379200 652.590000
0.985649 878.169600 667.990800
1.002225 923.280000 363.603600
1.018545 954.528000 413.029800
1.034966 952.118400 399.643200
1.051383 952.780800 363.317400
1.067856 966.595200 293.252400
1.084271 964.953600 279.655200
1.100642 931.094400 332.845200
1.117166 923.596800 317.406600
1.133514 930.124800 350.643600
1.149989 932.640000 386.154000
1.166375 963.129600 403.925400
1.182797 960.931200 391.932000
1.199320 964.339200 401.706000
1.215624 887.289600 338.779800
1.232085 884.448000 326.575800
1.248510 922.137600 296.276400
1.264984 881.827200 309.344400
1.281363 884.678400 321.726600
1.297806 963.657600 350.238600
1.314266 989.913600 363.144600
1.330650 989.913600 363.144600
1.347116 891.504000 353.737800
1.363567 905.232000 357.917400
1.379966 899.356800 331.500600
1.396405 930.969600 308.302200
1.412832 921.033600 253.519200
1.429235 916.473600 231.514200
1.445788 1342.070400 188.649000
1.462131 1305.984000 184.026600
1.478478 1305.984000 184.026600
1.494960 1335.820800 135.405000
1.511491 1363.027200 150.935400
1.527870 1362.451200 159.246000
1.544339 1342.915200 151.653600
1.560641 1287.628800 209.449800
1.577035 1285.430400 244.134000
1.593488 1297.526400 324.739800
1.609982 1306.627200 521.413200
1.626420 1302.950400 556.108200
1.642781 1247.510400 842.092200
1.659341 1214.726400 850.618800
1.675696 1215.177600 834.948000
1.692133 1186.003200 788.616000
1.708574 1189.881600 725.571000
1.725018 1189.958400 704.327400
1.741409 1156.790400 733.325400
1.757782 1174.454400 835.493400
1.774236 1174.540800 843.750000
1.790646 1156.060800 814.735800
1.807072 1199.078400 795.565800
1.823532 1199.078400 795.565800
1.840005 1177.852800 847.567800
1.856336 1201.075200 835.207200
1.872831 1201.075200 835.207200
1.889214 1236.614400 773.204400
1.905646 1218.566400 800.614800
1.922061 1217.894400 811.846800
1.938495 1238.755200 843.469200
1.954960 1216.790400 872.494200
1.971339 1216.627200 876.042000
1.987781 1218.019200 838.420200
2.004246 1174.569600 735.258600
2.020660 1174.377600 718.718400
2.037062 1180.108800 568.463400
2.053495 1182.259200 596.894400
2.069913 1182.259200 596.894400
2.086409 1154.438400 587.250000
2.102781 1236.076800 604.724400
2.119312 1235.587200 614.169000
2.135608 1220.092800 636.708600
2.152090 1213.296000 638.323200
2.168544 1213.603200 627.069600
2.185015 1173.436800 652.390200
2.201416 1187.702400 713.620800
2.217767 1187.568000 709.403400
2.234210 1229.846400 709.646400
2.250739 1195.881600 638.064000
2.267057 1196.064000 642.875400
2.283508 1137.705600 658.854000
2.300066 769.123200 720.009000
2.316364 765.254400 712.108800
2.332874 800.140800 707.367600
2.349164 787.920000 772.896600
2.365615 796.156800 789.269400
2.382107 763.555200 722.854800
2.398574 758.668800 769.348800
2.414962 760.473600 773.172000
2.431369 842.803200 806.225400
2.447831 793.248000 797.315400
2.464242 786.825600 784.474200
2.480647 755.184000 706.212000
2.497063 757.584000 724.987800
2.513512 748.800000 707.718600
2.529951 750.595200 691.939800
2.546393 728.198400 686.912400
2.562834 733.161600 696.513600
2.579238 814.521600 745.502400
2.595586 794.524800 791.321400
2.612103 794.524800 791.321400
2.628515 759.753600 750.718800
2.644908 763.334400 724.561200
2.661454 758.736000 715.289400
2.677781 822.288000 765.396000
2.694210 810.614400 777.060000
2.710738 814.694400 785.629800
2.727112 855.052800 759.758400
2.743455 784.281600 758.700000
2.760012 788.822400 767.799000
2.776309 767.308800 734.416200
2.792758 781.324800 741.576600
2.809182 786.768000 753.300000
2.825611 754.867200 751.609800
2.842096 812.486400 801.635400
2.858490 814.300800 805.501800
2.874911 797.683200 759.445200
2.891366 783.446400 739.038600
2.907756 770.841600 713.140200
2.924206 828.816000 754.758000
2.940591 820.195200 744.276600
2.957057 820.195200 744.276600
2.973512 791.520000 718.966800
2.989885 796.809600 724.323600
3.006389 801.187200 733.849200
3.022781 801.590400 742.975200
3.039269 799.248000 753.143400
3.055675 799.248000 753.143400
3.072250 815.193600 808.207200
3.088535 811.065600 751.950000
3.104887 814.636800 759.709800
3.121386 749.750400 747.954000
3.137806 717.763200 704.062800
3.154288 717.763200 704.062800
3.170781 813.686400 724.015800
3.187060 769.238400 695.422800
3.203486 769.238400 695.422800
3.219960 779.395200 776.169000
3.236409 738.691200 747.727200
3.252807 733.411200 738.088200
3.269200 736.848000 707.653800
3.285690 750.096000 711.585000
3.302135 742.982400 698.106600
3.318616 735.734400 717.611400
3.334932 730.684800 692.479800
3.351336 733.075200 696.816000
3.367844 765.312000 678.493800
3.384223 740.227200 627.588000
3.400634 741.043200 629.332200
3.417105 749.817600 753.926400
3.433566 719.337600 683.812800
3.449913 724.550400 693.792000
3.466378 754.444800 702.259200
3.482741 771.792000 739.859400
3.499209 769.574400 735.361200
3.515764 710.236800 677.878200
3.532039 710.515200 717.184800
3.548534 709.574400 715.980600
3.564911 723.513600 697.766400
3.581333 712.502400 737.807400
3.597808 722.476800 755.238600
3.614127 754.003200 751.210200
3.630631 784.224000 773.598600
3.647050 784.272000 773.366400
3.663606 769.449600 741.997800
3.680020 748.243200 747.354600
3.696440 737.961600 729.302400
3.712742 750.403200 683.062200
3.729173 740.400000 674.168400
3.745677 738.614400 670.107600
3.762062 769.267200 727.029000
3.778486 731.184000 653.513400
3.794902 733.977600 658.643400
3.811361 493.920000 314.469000
3.827804 476.649600 161.314200
3.844183 483.936000 176.013000
3.860631 542.064000 148.446000
3.877085 546.988800 140.772600
3.893446 551.068800 150.784200
3.910020 508.377600 97.961400
3.926491 518.544000 142.047000
3.942740 515.827200 134.681400
3.959156 541.238400 131.236200
3.975616 591.715200 146.377800
3.992013 587.577600 136.452600
4.008479 475.382400 31.228200
4.024948 499.468800 47.865600
4.041320 493.468800 33.355800
4.057785 568.099200 78.235200
4.074266 446.889600 96.508800
4.090655 461.318400 127.585800
4.107058 772.924800 112.433400
4.123507 960.806400 138.466800
4.139986 958.156800 120.879000
4.156424 889.257600 39.511800
4.172831 880.569600 16.599600
4.189265 877.795200 1.582200
4.205636 931.152000 0.000000
4.222027 947.587200 2.224800
4.238447 946.089600 0.000000
4.254902 721.699200 17.199000
4.271436 321.504000 0.000000
4.287721 312.211200 0.000000
4.304190 408.768000 10.108800
4.320587 316.243200 55.166400
4.337064 324.019200 70.308000
4.353643 347.068800 50.160600
4.369960 362.515200 0.000000
4.386277 363.388800 0.000000
4.402799 377.616000 58.649400
4.419195 375.628800 99.948600
4.435684 398.544000 146.485800
4.452041 403.958400 123.125400
4.468445 401.712000 94.284000
4.484917 386.035200 62.359200
4.501298 395.990400 47.012400
4.517857 414.163200 66.344400
4.534207 407.692800 51.472800
4.550609 451.353600 53.681400
4.567146 590.544000 31.341600
4.583425 589.689600 29.538000
4.599881 634.972800 23.414400
4.616321 603.417600 0.000000
4.632737 596.256000 0.000000
4.649163 575.740800 0.000000
4.665664 592.828800 0.000000
4.682062 607.593600 4.854600
4.698452 592.300800 91.729800
4.714907 603.244800 99.214200
4.731443 615.033600 131.295600
4.747752 646.080000 115.662600
4.764416 897.273600 158.895000
4.780621 892.387200 133.860600
4.797068 876.998400 112.136400
4.813475 870.048000 41.169600
4.830007 871.862400 48.891600
4.846321 869.932800 68.655600
4.862831 953.251200 145.611000
4.879267 954.240000 153.073800
4.895661 923.779200 99.991800
4.912087 845.270400 42.487200
4.928566 839.078400 12.598200
4.944862 839.625600 61.641000
4.961472 817.344000 55.657800
4.977783 819.312000 64.492200
4.994175 1128.336000 22.960800
5.010630 1069.920000 0.000000
5.027100 1069.248000 0.000000
5.043506 1147.824000 65.053800
5.059980 1121.347200 21.913200
5.076279 1120.665600 12.819600
5.092917 1092.624000 0.000000
5.109130 1168.281600 0.000000
5.125571 1168.905600 0.000000
5.142114 1110.835200 25.898400
5.158505 1074.576000 97.189200
5.174912 1076.246400 121.996800
5.191298 1263.120000 52.147800
5.207722 1288.675200 42.503400
5.224113 1289.856000 16.761600
5.240603 1288.425600 7.992000
5.256988 1323.456000 56.629800
5.273492 1321.286400 89.499600
5.289893 1343.395200 88.938000
5.306317 1318.252800 153.959400
5.322801 1318.252800 153.959400
5.339194 1254.988800 114.145200
5.355642 1278.451200 120.776400
5.372045 1277.788800 135.421200
5.388504 1281.168000 143.467200
5.405055 1437.792000 148.759200
5.421519 1436.160000 159.510600
5.437686 1476.758400 162.739800
5.454332 1486.003200 93.506400
5.470538 1487.510400 85.730400
5.486963 1468.512000 130.712400
5.503480 1462.329600 103.966200
5.520001 1457.529600 135.540000
5.536272 1095.609600 500.050800
5.552737 871.603200 734.000400
5.569178 867.129600 721.116000
5.585575 708.902400 729.880200
5.601989 732.057600 733.185000
5.618444 723.187200 716.898600
5.634882 720.700800 760.433400
5.651282 713.164800 740.880000
5.667715 715.536000 744.703200
5.684346 749.155200 753.003000
5.700549 732.220800 744.908400
5.717049 734.601600 748.693800
5.733425 749.702400 738.007200
5.749823 700.713600 715.159800
5.766255 696.019200 706.930200
5.782747 750.268800 718.092000
5.799245 711.072000 740.502000
5.815527 711.072000 740.502000
5.832059 714.960000 741.155400
5.848609 729.139200 708.690600
5.864859 733.488000 716.866200
5.881384 732.796800 791.321400
5.897684 805.910400 779.252400
5.914189 805.910400 779.252400
5.930521 752.409600 702.372600
5.946955 719.088000 691.831800
5.963484 714.614400 683.397000
5.979879 714.700800 700.995600
5.996300 699.465600 712.162800
6.012756 699.465600 712.162800
6.029195 742.281600 719.004600
6.045554 720.902400 729.000000
6.062004 725.337600 736.965000
6.078381 736.377600 763.273800
6.094903 724.694400 723.454200
6.111277 716.793600 708.420600
6.127687 705.715200 673.207200
6.144154 684.739200 697.372200
6.160629 672.019200 675.334800
6.177071 794.409600 958.554000
6.193536 868.857600 923.610600
6.209933 878.544000 942.705000
6.226405 826.915200 993.837600
6.242697 816.940800 1004.562000
6.259113 823.065600 1013.418000
6.275678 872.409600 990.435600
6.291991 860.419200 983.745000
6.308403 860.419200 983.745000
6.324808 859.468800 979.225200
6.341254 772.905600 996.040800
6.357951 775.248000 998.956800
6.374182 802.204800 939.367800
6.390609 868.953600 998.362800
6.407032 863.040000 988.972200
6.423483 857.836800 743.769000
6.439878 801.513600 797.261400
6.456291 805.180800 804.540600
6.472786 836.112000 778.318200
6.489285 837.235200 825.390000
6.505570 837.235200 825.390000
6.522019 842.121600 758.905200
6.538487 825.024000 706.584600
6.554987 823.392000 702.351000
6.571286 794.016000 794.043000
6.587700 851.568000 766.076400
6.604152 855.532800 775.558800
6.620612 853.027200 816.453000
6.637022 822.806400 739.044000
6.653517 813.148800 716.007600
6.670014 799.593600 694.159200
6.686289 787.708800 691.578000
6.702786 786.316800 690.919200
6.719186 809.251200 644.311800
6.735654 856.588800 776.682000
6.751987 862.425600 789.890400
6.768380 802.003200 760.185000
6.784888 781.104000 701.254800
6.801344 768.950400 675.091800
6.817675 766.704000 690.449400
6.834168 751.382400 649.879200
6.850505 751.382400 649.879200
6.867100 801.465600 726.629400
6.883447 727.737600 594.075600
6.899891 738.720000 618.289200
6.916303 783.897600 718.956000
6.932801 820.176000 741.312000
6.949161 829.929600 763.651800
6.965631 769.161600 698.419800
6.982026 839.347200 732.159000
6.998482 837.321600 727.860600
7.014919 780.537600 726.591600
7.031249 776.678400 712.735200
7.047671 778.838400 717.028200
7.064711 817.977600 800.280000
7.080523 853.670400 791.829000
7.097005 844.425600 770.747400
7.113457 724.003200 744.849000
7.129816 793.084800 712.319400
7.146273 796.809600 720.473400
7.162651 805.430400 768.549600
7.179162 847.180800 772.005600
7.195550 854.755200 789.723000
7.212004 782.092800 779.031000
7.228532 785.155200 775.645200
7.244926 780.988800 767.453400
7.261255 767.212800 746.857800
7.277737 787.056000 745.491600
7.294173 776.332800 723.465000
7.310526 809.654400 684.601200
7.327027 833.366400 725.630400
7.343483 834.940800 729.772200
7.359846 803.673600 955.530000
7.376258 893.913600 1080.000000
7.392694 903.484800 1080.000000
7.409131 937.228800 1080.000000
7.425504 971.308800 1080.000000
7.441994 967.161600 1080.000000
7.458411 1017.724800 1080.000000
7.474777 962.908800 1080.000000
7.491278 959.942400 1080.000000
7.507740 933.052800 1080.000000
7.524106 996.576000 1080.000000
7.540708 1001.068800 1080.000000
7.557019 964.886400 1080.000000
7.573376 962.208000 1080.000000
7.589825 961.142400 1080.000000
7.606290 945.830400 1080.000000
7.622672 990.067200 1080.000000
7.639217 986.793600 1080.000000
7.655525 933.926400 1080.000000
7.672005 956.016000 1080.000000
7.688477 953.913600 1080.000000
7.704880 946.684800 1080.000000
7.721299 978.998400 1080.000000
7.737791 978.220800 1080.000000
7.754128 1047.196800 855.203400
7.770571 997.430400 726.764400
7.787004 996.345600 722.239200
7.803443 962.025600 654.220800
7.819798 1032.777600 765.747000
7.836290 1037.721600 791.910000
7.852766 1002.902400 706.519800
7.869158 991.363200 773.215200
7.885583 987.984000 760.131000
7.902008 1035.052800 698.009400
7.918409 1012.137600 670.939200
7.934822 1012.982400 675.102600
