0.000000 17.164741 9.507026
0.016169 13.939432 7.386282
0.032844 8.162337 3.728266
0.049175 1.371108 -0.425089
0.065617 -3.186884 -3.116594
0.082128 -0.544397 -1.575001
0.098323 -1.274138 -2.293404
0.114775 -1.462302 -1.385626
0.131281 -0.793465 -0.600825
0.147683 0.141931 -0.368619
0.164134 0.952209 0.867167
0.180525 0.443273 1.770153
0.196879 0.345866 2.227213
0.213426 0.267979 1.932510
0.229796 -0.319029 -0.037806
0.246254 -0.063364 0.294789
0.262649 1.826493 1.562802
0.279069 2.282223 2.642200
0.295463 2.377041 1.955538
0.312000 2.012703 1.896660
0.328409 1.816830 1.968573
0.344934 2.116859 0.339906
0.361165 1.234165 -0.410668
0.377639 0.613354 0.529206
0.394305 0.561380 3.042855
0.410496 -0.121441 2.764901
0.427000 -0.112673 1.803523
0.443507 -0.359462 0.192899
0.459781 -1.158153 -0.701091
0.476255 -1.850593 -2.489054
0.492677 -2.031233 -3.748392
0.509108 -1.718584 -2.477038
0.525554 0.605033 -0.938815
0.541876 0.066463 0.386240
0.558441 -1.622875 1.197132
0.574774 -3.747477 1.556581
0.591325 -5.500083 1.181809
0.607664 -5.777863 -0.210016
0.624124 -4.605487 -1.872325
0.640523 -3.042849 -2.406272
0.657033 -1.306650 -2.285263
0.673299 -0.463815 -1.601776
0.689787 -2.448802 -1.286325
0.706402 -2.238771 -1.078024
0.722608 -1.665877 -1.038699
0.739138 -1.297157 -0.828901
0.755564 0.025979 -1.163149
0.771896 1.769375 -1.052244
0.788390 3.124977 0.067991
0.804774 4.238599 0.759587
0.821236 4.583511 1.016921
0.837625 3.093173 1.082024
0.854021 1.046291 1.169493
0.870571 -0.946631 1.259267
0.887022 -2.856649 0.237556
0.903353 -3.068635 -1.557270
0.919751 -3.321649 -2.118891
0.936229 -2.364822 -2.750138
0.952612 -0.820505 -2.382204
0.969009 1.060200 -0.894591
0.985535 2.297707 1.598111
1.001876 2.396987 2.712485
1.018319 1.754760 2.776521
1.034735 -0.815087 1.274841
1.051147 -2.949221 -0.565717
1.067665 -4.397810 -2.579334
1.084157 -4.501701 -4.341937
1.100550 -3.706282 -3.908850
1.116962 -2.747116 -3.166201
1.133313 -1.141355 -1.696534
1.149807 0.018318 -0.211361
1.166252 1.289720 2.133712
1.182738 1.103951 1.974706
1.199115 1.229004 1.101581
1.215554 1.363491 0.005627
1.232044 0.326153 -0.927916
1.248427 -0.648949 -1.325488
1.264785 -1.088430 -1.174206
1.281264 -0.987494 -0.214047
1.297560 -1.021685 0.367700
1.314053 -0.768624 -0.079912
1.330444 -0.457867 -1.700027
1.346980 -0.247784 -1.261634
1.363354 -0.522703 0.126510
1.379943 -0.937130 0.515998
1.396297 -0.328761 1.397601
1.412657 -0.454211 2.900614
1.429022 1.294972 3.197695
1.445441 2.032155 0.334709
1.461939 1.496952 -3.336943
1.478432 0.800658 -6.011153
1.691881 -0.346557 -6.541963
1.708285 -2.588787 -5.717888
1.724767 -1.473390 -4.000170
1.741214 1.461405 -0.201400
1.757580 5.261592 1.804568
1.774085 7.756652 2.137252
1.790549 6.477947 1.642115
1.806848 4.469905 2.251884
1.823360 2.283491 2.612773
1.839734 -0.391961 2.882456
1.856134 -1.267209 2.654913
1.872677 -0.044566 1.641420
1.889056 0.303274 -0.115927
1.905434 0.463323 -1.776798
1.921933 -0.457405 -3.399761
1.938358 -0.636040 -4.063343
1.954780 -0.457056 -3.512352
1.971116 -1.103386 -1.872236
1.987665 -0.493594 0.310984
2.004138 0.679118 2.128815
2.020635 2.115817 2.614458
2.036988 4.069660 1.591239
2.053421 4.746958 -0.022699
2.069693 3.778859 -0.764369
2.086177 2.454295 0.102421
2.102754 0.899686 1.021904
2.119123 -0.823813 1.536799
2.135490 -0.167653 1.435365
2.151937 -0.148660 0.378582
2.168306 0.570217 -0.832061
2.184699 0.519846 -1.919401
2.201351 0.121308 -1.872351
2.217585 -0.953217 -1.198199
2.234103 -0.405167 -0.327047
2.250560 -0.282315 0.945083
2.266880 1.509653 1.359707
2.283265 4.271745 1.842681
2.299865 6.060615 1.836609
2.316202 6.414043 1.809169
2.332612 5.145781 0.925775
2.349037 3.074909 0.051109
2.365507 1.531994 -0.504119
2.382058 0.644932 -0.574314
2.398269 -0.481216 -0.787379
2.414780 0.146402 -0.691733
2.431229 -0.191275 0.201156
2.447578 -0.616038 0.662684
2.464058 -1.004694 0.938682
2.480512 -0.368203 0.566923
2.496887 0.814240 -0.014971
2.513243 0.690463 -0.374186
2.529763 1.573401 -0.779087
2.546102 2.381115 -0.426824
2.562658 4.102344 -0.136501
2.579030 5.669016 -0.279976
2.595480 6.662219 -0.928289
2.611946 6.534696 -1.253409
2.628367 5.681137 -1.485315
2.644696 3.743791 -1.932201
2.661125 1.085914 -0.066573
2.677578 0.388451 0.769093
2.694190 -0.627128 0.639521
2.710540 -1.040168 0.626944
2.726932 -1.014779 0.435182
2.743304 -0.008120 -0.327293
2.759784 0.739141 0.160591
2.776197 0.592212 -0.023858
2.792562 2.863435 -2.831989
2.809003 -2.030722 -0.303277
2.825402 -8.158171 2.936528
2.841907 -13.034256 7.589583
2.858289 -15.578451 11.384820
2.874827 -13.788100 12.018702
2.891104 -10.254125 10.131131
2.907608 -4.774714 6.575970
2.924049 0.322155 0.227273
2.940535 2.753265 -4.411012
2.956886 -0.359260 -3.184936
2.973366 0.343983 -2.911588
2.989769 0.514652 -1.558870
3.006220 0.019241 -0.079557
3.022668 0.243590 1.585567
3.039000 -0.811566 1.880678
3.055597 1.039563 2.588391
3.071946 3.827910 3.455942
3.088321 7.412006 4.769702
3.104729 9.403474 5.698677
3.121122 9.098010 5.663192
3.137628 7.251482 4.369435
3.154078 4.025891 2.949219
3.170479 0.357094 0.940724
3.186971 -2.653502 -1.559026
3.203352 -1.312021 -0.823196
3.219760 -0.580559 -0.253755
3.236262 -0.329837 -0.051881
3.252635 -0.578708 -0.213294
3.269085 0.152616 -0.056870
3.285536 0.754431 -0.194275
3.301914 0.138655 0.622946
3.318289 -0.231079 0.025415
3.334754 0.240493 0.194359
3.351180 0.275312 0.927814
3.367627 -0.318989 0.391053
3.384030 -0.817103 0.184628
3.400894 -0.471935 -0.877998
3.416972 0.314516 -1.245422
3.433317 1.005962 -1.190473
3.449753 0.529975 -0.432422
3.466167 0.693160 -0.432932
3.482551 -0.439787 0.159541
3.498965 -0.601018 0.405463
3.515424 0.728428 0.368287
3.531822 1.818439 0.206660
3.548298 3.794477 -0.988140
3.564753 4.360622 -1.342002
3.581100 4.017152 -1.560555
3.597594 2.035894 -1.344793
3.614095 0.368715 -0.838445
3.630449 -1.258602 -0.318488
3.646849 -0.787931 0.364383
3.663258 -0.765568 0.712787
3.679658 -0.471951 0.754809
3.696122 0.712540 -0.478794
3.712574 0.954531 -0.861051
3.729057 0.813116 -0.821798
3.745420 0.195393 -0.928021
3.761902 0.344162 -0.355701
3.778383 0.911039 0.257774
3.794705 1.422339 0.993242
3.811132 1.025293 1.432487
3.827609 0.240293 1.838531
3.844096 0.267389 1.581881
3.860479 0.007411 1.656532
3.876882 0.149053 1.655922
3.893280 -0.081870 0.224406
3.909839 -0.154612 -0.322525
3.926216 1.825820 -1.708355
3.942583 -0.052075 -0.564302
3.958987 -5.213640 1.624311
3.975473 -9.715578 3.542266
3.991802 -12.892082 4.662369
4.008399 -15.262928 4.857885
4.024779 -15.240853 3.714953
4.041147 -11.835462 1.328502
4.057625 -5.948680 -0.003769
4.074102 -0.808819 -0.969026
4.090435 -0.711306 0.000000
4.106966 0.393936 0.000000
4.123344 1.889837 0.000000
4.139736 1.601274 0.000000
4.156226 0.788929 0.000000
4.172629 0.487478 0.000000
4.188931 0.092095 0.000000
4.205520 -0.577314 0.000000
4.221940 -0.764938 0.000000
4.238267 -0.587377 0.000000
4.254735 -0.314219 0.000000
4.271190 -0.675079 0.000000
4.287629 -0.781934 0.000000
4.304002 -0.671008 0.000000
4.320479 -0.078145 0.000000
4.336936 0.513527 0.000000
4.353287 0.687312 0.000000
4.369726 0.172283 1.161707
4.386137 -1.998991 1.494444
4.402558 -2.987964 -2.007434
4.419020 -2.649346 -6.083465
4.435408 -0.459877 -10.201970
4.451802 1.720559 -12.422792
4.468274 3.123337 -11.957479
4.484734 3.314809 -8.987797
4.501155 2.140987 -4.966134
4.517702 0.438063 -1.473016
4.534110 -0.589331 -0.482523
4.550577 0.445590 -0.800153
4.566978 1.245278 0.242064
4.583376 2.146016 0.736555
4.599758 1.593517 1.904883
4.616106 0.311583 2.424424
4.632627 -0.635556 2.502524
4.649011 -0.992799 1.962861
4.665419 0.293340 1.940355
4.681828 1.693647 1.415054
4.698306 0.176860 -1.027459
4.714659 -2.965970 -4.044627
4.731172 -5.392525 -4.981007
4.747563 -6.618877 -5.155971
4.763949 -6.123190 -4.716293
4.780484 -2.782303 -2.237812
4.796845 0.507455 0.295363
4.813346 2.393458 2.181132
4.829870 1.421586 2.362081
4.846178 -0.073704 0.932523
4.862499 0.124370 -0.398274
4.879122 0.377881 -0.701928
4.895396 0.037290 -1.700659
4.911828 -0.024729 -1.908807
4.928259 0.049539 -0.626709
4.944703 -0.392085 0.312164
4.961133 0.250383 1.240437
4.977535 0.133763 1.500607
4.994042 0.274992 0.849492
5.010633 0.568189 1.512028
5.026799 -1.041346 0.304209
5.043261 -1.985621 -2.333693
5.059805 -2.422571 -4.952343
5.076107 -2.407943 -5.057898
5.092725 -1.682586 -4.021430
5.109000 -0.918699 -1.998156
5.125508 -0.820674 0.797352
5.141897 0.473127 3.154061
5.158294 1.169205 4.278713
5.174706 0.837401 2.201315
5.191218 1.316051 0.771591
5.207594 1.519880 -0.111098
5.224015 0.545721 -0.385984
5.240416 -0.099627 -1.090526
5.256989 -0.489097 -1.361690
5.273273 -0.712105 -1.489424
5.289680 -0.788552 -1.166726
5.306142 -0.898084 -0.462086
5.322580 -1.160555 0.118486
5.339040 -1.559839 0.735361
5.355375 -1.866127 0.784789
5.371767 -2.033774 0.243489
5.388259 -1.162226 0.163907
5.404650 -0.419295 0.335353
5.421267 0.024130 0.576110
5.437582 0.261578 0.890893
5.454052 0.294122 0.668601
5.470375 0.228029 0.237727
5.486885 0.562232 -0.810253
5.503264 0.151386 -2.228536
5.519735 -0.957491 -2.683338
5.536134 2.061329 -1.706972
5.552618 5.424267 -0.911314
5.569049 9.711051 0.931995
5.585433 13.154635 3.102417
5.601950 14.164755 4.784356
5.618347 12.668477 5.058858
5.634773 14.250135 6.671982
5.651128 3.246354 2.906235
5.667525 -10.271817 -2.496881
5.683948 -20.204493 -7.733076
5.700469 -27.217058 -11.051623
