0.000000 726.220800 446.072400
0.016397 728.323200 444.447000
0.032766 1064.486400 404.595000
0.049328 975.897600 469.006200
0.065680 973.449600 467.748000
0.082038 983.020800 430.471800
0.098560 993.033600 432.723600
0.114977 993.734400 440.375400
0.131249 928.051200 444.220200
0.147807 951.350400 381.645000
0.164315 949.852800 376.320600
0.180759 993.196800 440.575200
0.196997 1027.881600 428.068800
0.213485 1027.372800 438.706800
0.230034 960.614400 465.328800
0.246364 954.672000 506.730600
0.262825 954.672000 506.730600
0.279171 1017.475200 467.904600
0.295713 1013.059200 485.670600
0.312181 1013.059200 485.670600
0.328494 780.057600 799.572600
0.525643 669.465600 658.330200
0.542081 678.931200 674.249400
0.558539 677.952000 669.891600
0.574994 723.705600 766.335600
0.591527 718.406400 767.971800
0.607837 718.358400 767.853000
0.624210 701.424000 772.281000
0.640704 703.574400 781.779600
0.656956 706.809600 788.270400
0.673531 745.564800 728.827200
0.689916 715.075200 765.617400
0.706290 715.708800 769.149000
0.722702 641.692800 519.026400
0.739202 677.539200 225.023400
0.755636 681.436800 238.258800
0.772117 671.760000 127.596600
0.788512 692.246400 204.357600
0.804983 692.246400 204.357600
0.821426 667.507200 189.172800
0.837759 640.761600 197.413200
0.854227 639.753600 190.225800
0.870622 668.140800 153.106200
0.887058 618.028800 176.812200
0.903475 614.774400 170.164800
0.919910 402.403200 158.760000
0.936334 334.742400 145.260000
0.952751 339.945600 152.350200
0.969170 422.688000 174.997800
0.985703 354.259200 196.722000
1.002070 346.358400 183.141000
1.018453 341.798400 122.310000
1.034830 352.396800 125.139600
1.051393 347.644800 118.497600
1.067787 387.590400 142.500600
1.084132 386.976000 102.637800
1.100599 394.339200 116.964000
1.117025 371.971200 176.580000
1.133441 310.368000 138.456000
1.149865 306.883200 130.717800
1.166525 316.579200 102.454200
1.182761 334.224000 106.396200
1.199197 318.393600 78.316200
1.215578 317.462400 51.537600
1.232085 409.017600 59.745600
1.248530 418.550400 81.167400
1.264904 543.734400 124.599600
1.281354 602.352000 131.965200
1.297738 611.942400 160.088400
1.314218 658.684800 183.173400
1.330578 572.035200 171.390600
1.347094 572.035200 171.390600
1.363443 654.748800 166.195800
1.379975 567.657600 161.978400
1.396381 567.657600 161.978400
1.412664 633.120000 221.761800
1.429174 600.441600 221.859000
1.445600 595.555200 208.553400
1.462105 622.022400 185.241600
1.478475 630.835200 152.209800
1.494845 626.428800 138.574800
1.511339 617.568000 132.435000
1.527821 358.915200 175.570200
1.544125 358.915200 175.570200
1.560503 407.433600 120.916800
1.577206 390.259200 169.441200
1.593499 395.001600 175.791600
1.609997 373.190400 160.083000
1.626328 369.369600 148.845600
1.642750 364.838400 142.306200
1.659237 405.004800 84.121200
1.675721 335.491200 82.485000
1.692057 340.435200 89.429400
1.708481 430.636800 89.872200
1.724824 427.622400 96.244200
1.741282 430.204800 103.496400
1.757759 335.481600 127.909800
1.774186 411.312000 193.519800
1.790637 418.579200 207.262800
1.807024 424.934400 196.003800
1.823532 409.296000 111.526200
1.839908 409.296000 111.526200
1.856288 483.907200 118.065600
1.872775 494.073600 121.710600
1.889145 494.073600 121.710600
1.905610 516.105600 126.603000
1.922004 537.302400 161.805600
1.938527 535.209600 154.256400
1.954877 498.729600 158.360400
1.971264 479.913600 153.025200
1.987707 469.334400 132.181200
2.004153 482.265600 100.947600
2.020568 515.088000 91.195200
2.036964 518.947200 98.010000
2.053463 844.521600 94.176000
2.069821 714.585600 119.102400
2.086268 711.177600 104.997600
2.102826 710.985600 76.777200
2.119095 772.051200 94.311000
2.135581 772.080000 101.471400
2.152024 712.252800 140.977800
2.168430 776.736000 173.734200
2.184845 776.265600 171.298800
2.201349 748.732800 161.713800
2.217708 736.809600 65.145600
2.234234 736.473600 57.915000
2.250614 703.910400 88.911000
2.267048 849.552000 128.422800
2.283429 849.744000 137.986200
2.299891 1061.548800 167.923800
2.316220 1052.457600 168.766200
2.332805 1052.448000 168.993000
2.349097 1051.363200 152.965800
2.365668 1065.187200 131.306400
2.382009 1064.265600 144.779400
2.398411 1067.414400 159.240600
2.414866 1070.227200 178.167600
2.431344 1069.228800 191.570400
2.447660 1042.800000 207.597600
2.464240 1052.870400 204.433200
2.480638 1055.040000 184.215600
2.496965 1064.592000 157.334400
2.513381 1071.580800 121.575600
2.529985 1073.462400 94.624200
2.546346 1054.166400 96.028200
2.562752 1056.969600 102.459600
2.579094 1054.915200 122.418000
2.595522 1257.513600 161.627400
2.611949 1261.324800 109.123200
2.628410 1254.508800 137.030400
2.644805 1290.451200 153.581400
2.661363 1270.252800 175.359600
2.677666 1270.252800 175.359600
2.694125 1280.016000 196.641000
2.710579 1240.041600 192.763800
2.727045 1240.041600 192.763800
2.743380 1245.436800 212.560200
2.759865 1243.420800 209.703600
2.776276 1243.420800 209.703600
2.792817 1214.083200 222.512400
2.809239 1213.852800 224.353800
2.825627 1213.852800 224.353800
2.842120 1225.977600 226.616400
2.858468 1411.843200 181.402200
2.874880 1411.843200 181.402200
2.891416 1475.942400 178.502400
2.907775 1492.262400 181.375200
2.924120 1497.177600 174.511800
2.940614 1501.353600 166.293000
2.956973 1521.139200 143.537400
2.973490 1529.356800 123.481800
2.989945 1558.041600 140.648400
3.006317 1551.820800 157.032000
3.022699 1551.705600 157.264200
3.039249 1511.059200 155.088000
3.055648 1481.289600 102.648600
3.072033 1475.366400 116.213400
3.088413 1073.846400 451.364400
3.105013 841.382400 694.942200
3.121358 843.158400 702.669600
3.137823 795.638400 814.519800
3.154161 790.732800 827.010000
3.170594 790.732800 827.010000
3.187070 855.552000 827.728200
3.203499 839.798400 865.285200
3.219914 839.798400 861.915600
3.236275 784.848000 799.129800
3.252638 802.483200 830.579400
3.269135 798.307200 821.620800
3.285602 781.603200 762.669000
3.301951 735.580800 813.618000
3.318392 737.116800 812.473200
3.334848 781.430400 751.177800
3.351303 807.004800 788.335200
3.367733 804.652800 784.674000
3.384129 759.302400 771.481800
3.400533 752.611200 777.249000
3.416950 756.288000 788.810400
3.433366 951.235200 776.800800
3.449857 946.464000 771.433200
3.466297 946.464000 771.552000
3.482758 953.836800 750.254400
3.499095 1011.081600 785.878200
3.515556 1012.262400 782.265600
3.531986 943.766400 745.896600
3.548471 979.296000 750.843000
3.564844 978.240000 754.407000
3.581342 986.227200 778.809600
3.597774 974.275200 703.069200
3.614115 975.369600 706.838400
3.630556 1010.361600 736.241400
3.647025 1040.073600 732.423600
3.663386 1039.862400 721.618200
3.679868 940.377600 735.820200
3.696283 963.283200 753.224400
3.712631 965.011200 752.122800
3.729108 997.449600 738.423000
3.745577 1202.870400 692.231400
3.762013 1200.403200 692.107200
3.778430 1152.163200 683.656200
3.794761 1158.000000 706.093200
3.811267 1158.297600 713.577600
3.827688 1179.120000 706.487400
3.844134 1179.513600 709.214400
3.860491 1179.283200 701.929800
3.876987 1189.468800 660.981600
3.893343 1183.699200 651.110400
3.909856 1178.582400 668.790000
3.926239 1206.364800 711.698400
3.942680 1241.942400 750.961800
3.959115 1244.956800 743.904000
3.975523 1209.696000 685.611000
3.991970 1195.910400 694.747800
4.008468 1195.910400 694.747800
4.024908 1146.374400 696.492000
4.041241 1185.100800 668.034000
4.057658 1182.758400 675.950400
4.074092 1191.638400 687.765600
4.090551 1220.572800 695.687400
4.106987 1222.848000 691.648200
4.123387 1247.712000 671.441400
4.139805 1252.742400 665.776800
4.156260 1258.972800 650.084400
4.172692 1257.244800 661.062600
4.189137 1249.641600 617.527800
4.205597 1247.251200 621.918000
4.221984 1208.956800 582.854400
4.238344 1225.440000 586.985400
4.254789 1219.785600 604.438200
4.271264 1184.160000 598.622400
4.287681 1194.720000 593.503200
4.304117 1197.292800 588.951000
4.320557 1225.305600 631.422000
4.336894 1237.411200 616.323600
4.353464 1237.641600 612.095400
4.369877 1242.969600 595.247400
4.386265 1239.936000 598.784400
4.402693 1236.873600 607.548600
4.419090 1188.278400 599.437800
4.435554 1213.814400 611.231400
4.451948 1219.372800 597.909600
4.468424 1199.328000 571.660200
4.484806 1151.980800 564.408000
4.501242 1151.817600 560.158200
4.517626 795.081600 359.056800
4.534146 844.934400 423.133200
4.550512 848.428800 438.582600
4.566931 811.392000 431.254800
4.583471 809.750400 439.614000
4.599805 807.561600 429.003000
4.616324 861.964800 444.657600
4.632725 825.715200 408.877200
4.649139 825.753600 414.439200
4.665547 775.152000 390.803400
4.681957 767.510400 394.524000
4.698376 770.256000 405.788400
4.714951 793.363200 439.857000
4.731244 778.617600 438.976800
4.747774 778.617600 438.976800
4.764098 693.081600 555.687000
4.780515 689.721600 761.497200
4.796918 688.723200 757.555200
4.813512 726.816000 805.971600
4.829896 715.545600 790.792200
4.846291 712.262400 784.101600
4.862673 703.257600 762.231600
4.879136 707.817600 755.821800
4.895630 707.817600 755.821800
4.911985 709.142400 755.811000
4.928509 714.192000 786.018600
4.944821 714.192000 786.018600
4.961225 697.689600 753.937200
4.977720 658.896000 748.764000
4.994096 655.056000 741.819600
5.010597 679.200000 748.035000
5.027003 680.390400 742.586400
5.043346 677.846400 739.405800
5.059865 695.068800 744.498000
5.076243 696.835200 752.203800
5.092705 700.214400 759.110400
5.109113 701.510400 781.903800
5.125510 700.521600 767.998800
5.141989 696.499200 759.931200
5.158391 686.688000 742.581000
5.174767 680.707200 760.708800
5.191251 680.707200 760.708800
5.207746 865.785600 1038.382200
5.224181 856.185600 962.074800
5.240481 859.430400 969.505200
5.256921 869.961600 1011.241800
5.273350 871.881600 979.425000
5.289821 871.852800 979.344000
5.306188 873.398400 1027.468800
5.322699 871.420800 970.579800
5.339151 871.420800 970.579800
5.355469 875.904000 1015.194600
5.371965 878.227200 1019.325600
5.388441 877.977600 1021.275000
5.404769 866.467200 1038.587400
5.421249 874.051200 1032.129000
5.437737 874.060800 1032.193800
5.454254 877.536000 1015.383600
5.470472 874.857600 1013.401800
5.486954 873.523200 1009.335600
5.503344 887.596800 962.490600
5.519792 779.308800 962.733600
5.536192 781.689600 967.312800
5.552663 744.595200 999.804600
5.569130 742.464000 1006.824600
5.585517 745.363200 1011.079800
5.601896 751.708800 1008.806400
5.618393 742.569600 1028.003400
5.634817 742.569600 1028.003400
5.651348 734.592000 1022.160600
5.667692 746.073600 1004.043600
5.684128 746.073600 1004.043600
5.700470 757.622400 1004.065200
5.716974 755.836800 1013.067000
5.733344 755.836800 1013.067000
5.749750 998.371200 930.193200
5.766189 1334.380800 823.986000
5.782640 1338.508800 817.770600
5.799179 1568.265600 791.218800
5.815583 1584.844800 782.827200
5.832002 1589.606400 779.398200
5.848435 1602.547200 762.728400
5.864756 1627.094400 754.115400
5.881230 1629.696000 750.891600
5.897612 1580.236800 762.906600
5.914097 1561.488000 758.748600
5.930543 1559.203200 762.010200
5.946944 1596.393600 748.440000
5.963392 1606.204800 748.386000
5.979795 1601.702400 751.685400
5.996256 1609.200000 739.189800
6.012727 1597.852800 762.415200
6.029267 1595.289600 765.838800
6.045526 1590.412800 637.939800
6.062004 1543.065600 362.982600
6.078514 1549.900800 351.858600
6.094773 1618.387200 294.721200
6.111253 1619.241600 304.365600
6.127673 1614.249600 310.424400
6.144041 1570.800000 343.958400
6.160511 1590.556800 343.126800
6.176942 1583.097600 354.591000
6.193365 1602.854400 362.194200
6.209775 1550.467200 381.321000
6.226193 1550.467200 381.321000
6.242693 1560.240000 281.048400
6.259100 1565.193600 328.455000
6.275463 1565.193600 328.455000
6.291875 1503.408000 347.139000
6.308344 1530.057600 330.766200
6.324824 1536.787200 319.161600
6.341241 1083.609600 254.350800
6.357732 888.009600 289.197000
6.374129 888.009600 289.197000
6.390518 965.174400 273.342600
6.407010 976.473600 297.480600
6.423335 977.875200 303.442200
6.439731 974.928000 251.958600
6.456128 988.531200 261.711000
6.472630 988.492800 249.188400
6.489121 936.825600 189.291600
6.505439 980.707200 215.967600
6.521902 979.680000 210.297600
6.538424 944.630400 247.228200
6.554802 929.318400 252.687600
6.571171 929.337600 252.909000
6.587717 736.771200 357.841800
6.604072 737.337600 384.145200
6.620555 740.342400 395.037000
6.636956 790.147200 399.000600
6.653543 802.953600 426.184200
6.669800 802.953600 426.184200
6.686196 756.451200 384.825600
6.702749 779.596800 387.045000
6.719046 777.081600 376.077600
6.735492 765.264000 352.063800
6.751904 780.518400 360.806400
6.768338 782.966400 371.941200
6.784851 757.545600 410.378400
6.801188 744.643200 421.097400
6.817593 747.062400 425.952000
6.834064 778.809600 420.892200
6.850522 798.758400 392.958000
6.866918 794.035200 370.872000
6.883476 830.457600 327.148200
6.899770 830.160000 313.032600
6.916202 828.268800 307.805400
6.932646 792.777600 307.648800
6.949015 808.819200 316.153800
6.965442 813.014400 339.184800
6.981933 744.057600 326.818800
6.998347 764.620800 354.553200
7.014767 767.193600 360.099000
7.031235 762.777600 352.522800
7.047629 790.972800 344.579400
7.064118 786.268800 327.234600
7.080542 816.364800 340.513200
7.096940 822.096000 345.637800
7.113371 822.134400 345.837600
7.129743 793.651200 320.171400
7.146190 809.827200 358.646400
7.162588 807.264000 345.276000
7.179068 786.144000 310.932000
7.195469 704.601600 301.482000
7.212002 707.884800 312.854400
7.228364 1108.262400 342.759600
7.244717 1399.353600 356.178600
7.261170 1392.364800 374.857200
7.277573 1406.064000 396.608400
7.294043 1388.121600 395.668800
7.310466 1392.998400 384.825600
7.326902 1359.609600 387.487800
7.343342 1422.153600 358.117200
7.359814 1423.344000 352.965600
7.376233 1356.192000 382.757400
7.392614 1415.606400 387.536400
7.409055 1419.158400 382.239000
7.425503 1370.044800 326.349000
7.441938 1454.054400 339.184800
7.458429 1450.224000 344.725200
7.474769 1415.366400 333.336600
7.491192 1387.449600 360.876600
7.507599 1377.705600 383.146200
7.524095 1365.513600 383.027400
7.540518 1356.144000 428.938200
7.556856 1360.656000 418.332600
7.573460 1059.724800 907.513200
7.589822 980.716800 1080.000000
7.606190 980.582400 1080.000000
7.622651 825.782400 1080.000000
7.639075 866.112000 1080.000000
7.655446 867.456000 1080.000000
7.671893 881.913600 1080.000000
7.688344 850.828800 1080.000000
7.704706 852.384000 1080.000000
7.721170 868.550400 1080.000000
7.737580 856.934400 1080.000000
7.754028 853.344000 1080.000000
7.770518 895.315200 1080.000000
7.786878 850.569600 1080.000000
7.803344 847.526400 1080.000000
7.819753 893.424000 1080.000000
7.836145 860.025600 1080.000000
7.852595 861.465600 1080.000000
7.869016 880.080000 1080.000000
7.885467 879.408000 1080.000000
7.901850 880.656000 1080.000000
7.918365 886.252800 1080.000000
7.934777 907.449600 1080.000000
7.951252 906.556800 1080.000000
7.967752 884.006400 1080.000000
7.984092 882.643200 1080.000000
8.000504 885.206400 1080.000000
8.016896 820.857600 1080.000000
8.033301 741.331200 1080.000000
8.049768 741.926400 1080.000000
8.066167 759.715200 1080.000000
8.082614 762.432000 1080.000000
8.099051 762.480000 1080.000000
8.115473 751.843200 1080.000000
8.132075 742.272000 1080.000000
8.148366 741.590400 1080.000000
8.164742 797.971200 1080.000000
8.181397 796.483200 1080.000000
8.197728 794.400000 1080.000000
8.214078 838.300800 1080.000000
8.230457 819.312000 1080.000000
8.246940 819.283200 1080.000000
8.263347 915.350400 549.882000
8.279769 907.795200 395.884800
8.296253 909.772800 417.819600
8.312618 924.710400 521.953200
8.329108 939.340800 547.187400
8.345436 939.340800 547.187400
8.361839 934.608000 480.924000
8.378413 991.996800 464.761800
8.394779 991.996800 464.761800
8.411271 941.164800 473.396400
8.427595 960.979200 479.190600
8.444097 961.478400 463.789800
8.460513 908.524800 416.847600
