0.000000 14.272010 9.094641
0.015854 14.369264 6.738613
0.032271 11.082333 2.918059
0.048676 5.662122 -0.600165
0.065119 0.493536 -3.416961
0.081681 -0.590151 -2.174461
0.097968 -1.646708 -1.782988
0.114448 0.689173 -1.515219
0.130893 0.801433 -0.488092
0.147304 0.274174 -0.365783
0.163679 -0.280918 -0.319044
0.180074 -0.803750 0.839766
0.196553 -0.742307 1.691964
0.212996 -1.418066 0.487395
0.229429 0.773480 1.025875
0.245908 3.613203 1.604930
0.262282 5.450546 1.749727
0.278682 6.015661 2.921180
0.295100 5.677886 3.630136
0.311478 4.165711 4.573160
0.328028 1.779114 3.459463
0.344461 -0.723715 1.622195
0.360801 -1.857658 -0.825337
0.377302 -0.386336 -1.217068
0.393679 0.208994 -2.544152
0.410217 0.047982 -1.486459
0.426530 -0.797442 0.936709
0.443069 -2.079218 2.919820
0.459458 -3.110674 4.242788
0.475855 -3.194862 3.290337
0.492243 -2.570937 1.140470
0.508709 -1.268685 -0.279897
0.525133 0.147058 -1.064470
0.541481 1.163374 -1.371156
0.557994 1.525013 -0.117521
0.574426 0.271518 -0.274220
0.590958 -1.037822 -0.648032
0.607281 -2.594264 -1.251815
0.623786 -3.515733 -1.635408
0.640161 -3.334513 -0.578828
0.656533 -2.470275 0.920704
0.672961 -1.286914 1.402524
0.689500 -0.100726 1.554259
0.705802 0.446686 1.586153
0.722246 -0.347411 1.186929
0.738686 -0.427393 1.117827
0.755118 -0.677739 0.676081
0.771610 -0.468607 0.374444
0.788032 -0.503833 -0.501020
0.804407 -0.711626 -0.477190
0.820864 -0.774454 -0.678843
0.837273 -0.858845 -1.859036
0.853731 -1.248092 -1.703393
0.870251 -0.770006 -1.632284
0.886594 -3.338006 -1.900506
0.903041 0.889693 -1.111724
0.919532 7.395479 0.418245
0.935910 13.029116 2.092629
0.952304 16.339140 2.758143
0.968675 15.388876 1.857880
0.985075 10.897848 1.573875
1.001586 4.636620 1.152778
1.017964 -0.900134 -0.361475
1.034428 -3.907785 -1.175673
1.050940 -0.224330 -1.066204
1.067209 0.299218 -1.250918
1.083677 1.177089 -0.799128
1.100122 1.006398 0.011760
1.116608 -0.097131 1.579960
1.132985 -1.045705 2.449375
1.149427 -1.092530 2.155256
1.165802 -1.047496 1.740051
1.182361 -0.451638 1.308116
1.198711 0.104798 1.549101
1.215158 -0.241614 -1.096174
1.231517 -1.380289 -3.418424
1.247948 -3.031077 -7.511455
1.264373 -3.867641 -10.905292
1.280798 -3.781501 -12.267411
1.297301 -3.133785 -10.796836
1.313867 -2.407066 -6.908752
1.330053 -1.559045 -2.490431
1.346507 -0.796039 -0.052691
1.362913 -0.107547 -0.513283
1.379413 1.889415 -0.431116
1.395809 3.231911 -2.204853
1.412242 -0.709747 -1.657404
1.428717 -5.619390 -0.328130
1.445089 -11.456235 1.435832
1.461525 -14.782310 1.996599
1.477927 -15.221680 1.283770
1.494451 -11.305930 0.163537
1.510780 -5.701644 -0.755022
1.527303 -0.112665 -1.197128
1.543711 1.964342 -0.742394
1.560123 0.982767 0.240215
1.576447 1.506625 1.221511
1.593028 0.985618 2.015344
1.609449 0.658211 1.773894
1.625851 -0.085832 1.224592
1.642188 -0.262485 0.852117
1.658683 -0.667655 0.368721
1.675254 -0.672790 -0.179214
1.691501 -0.123969 -0.154354
1.707983 0.246874 0.235388
1.724426 0.264589 0.708286
1.740842 -0.175805 1.014907
1.757217 -0.935197 0.683862
1.773729 -1.050058 0.340116
1.790117 -0.677330 0.025425
1.806553 -0.156250 -0.793934
1.822930 -0.885389 -1.696191
1.839367 -0.028919 -2.049333
1.855803 1.693411 -2.220418
1.872245 3.895668 -1.948417
1.888684 5.467600 -0.768030
1.905077 6.092914 0.457958
1.921534 5.496041 1.578285
1.937957 3.415028 2.220379
1.954389 0.964160 2.636232
1.970826 -0.759049 3.247411
1.987301 -0.124388 2.489881
2.003791 -0.089208 1.029857
2.020051 -0.303311 -1.029447
2.036607 0.765496 -1.426446
2.052944 -0.570841 -1.701673
2.069406 -3.061328 -1.413716
2.085788 -5.327957 0.019639
2.102197 -5.750324 1.356404
2.118678 -4.562882 1.592903
2.135119 -3.113166 0.508350
2.151532 -1.381985 -0.373277
2.168028 0.195188 -1.265388
2.184368 0.566936 -1.354055
2.200802 -1.534924 -1.514487
2.217342 -2.044946 -0.559335
2.233659 -1.515682 0.604321
2.250093 -0.576311 0.975869
2.266497 0.152984 1.228986
2.282959 0.202772 1.298803
2.299424 0.686821 0.633459
2.315901 0.902228 -0.572040
2.332265 0.612462 -0.418993
2.348706 0.329532 0.017409
2.365077 -0.405371 0.064329
2.381534 0.144233 -0.463491
2.397951 0.988318 -1.166408
2.414368 1.931294 -1.824330
2.430786 2.429960 -1.749134
2.447283 2.332341 -2.012082
2.463682 1.421196 -1.693966
2.480102 0.703303 0.041468
2.496495 0.279516 0.528033
2.512982 -0.066480 0.227255
2.529323 0.916262 0.169308
2.545782 1.201707 0.492921
2.562175 0.601791 0.965375
2.578712 0.543865 1.481998
2.595179 1.165683 1.228872
2.611474 2.391852 1.265910
2.627966 2.837641 0.545855
2.644369 2.224725 -1.156798
2.660851 0.925574 -2.249211
2.677230 -0.265182 -2.597415
2.693657 -1.128752 -2.797032
2.710203 -1.130991 -1.780000
2.726472 0.651186 -0.418987
2.742970 2.027744 1.196301
2.759463 1.423011 2.433843
2.775804 1.831300 2.267383
2.792199 3.124883 1.173031
2.808654 4.386350 -0.569602
2.825064 4.635411 -2.057324
2.841553 3.848280 -2.438428
2.858064 2.194285 -2.039791
2.874428 0.732374 0.000595
2.890814 -0.905772 2.664611
2.907228 -1.686614 4.224016
2.923574 0.079154 3.319125
2.940077 0.415228 0.994996
2.956472 0.445352 -1.664993
2.972869 -0.556757 -3.618236
2.989445 -0.707339 -3.739997
3.005742 -0.289241 -2.241942
3.022177 -0.016663 1.424557
3.038621 0.024158 4.060695
3.055075 0.245096 5.310691
3.071549 0.359958 4.103217
3.087951 -0.139714 1.229430
3.104323 -2.275601 -2.176875
3.120803 -1.037230 -4.438358
3.137254 2.570929 -4.597059
3.153631 6.157364 -3.270522
3.170074 7.751332 -0.539472
3.186490 7.869329 1.222662
3.203003 6.091129 1.907069
3.219371 2.911706 1.385550
3.236009 -0.500420 0.136087
3.252241 -2.614506 -0.611823
3.268599 -0.641543 -0.779905
3.285113 0.026852 -0.925187
3.301495 0.587463 -1.757136
3.317883 0.079177 -0.986354
3.334428 -0.081756 0.187371
3.350868 -0.540573 1.618990
3.367243 -0.826969 3.412501
3.383690 -0.788237 4.068081
3.400097 -2.079490 4.093615
3.416493 0.643342 2.419146
3.432987 3.992295 0.224188
3.449306 6.625688 -1.399099
3.465798 7.549306 -1.227440
3.482279 7.188922 -1.016939
3.498715 5.185324 -0.093111
3.515226 2.604039 0.839890
3.531481 0.018123 0.444732
3.548007 -0.997874 -0.623129
3.564358 1.108313 -1.917619
3.580778 0.677198 -1.882980
3.597316 -0.619945 -1.087725
3.613630 -0.812868 0.777395
3.630037 -0.225137 2.270048
3.646518 1.066179 2.851787
3.662926 1.915355 2.411372
3.679332 2.133404 1.467216
3.695831 1.586481 0.571105
3.712180 0.484660 0.383292
3.728618 -0.676599 0.417325
3.745072 -1.202332 0.529128
3.761478 -0.364214 0.793086
3.777908 0.088295 0.340818
3.794340 0.650906 -0.356857
3.810756 0.976457 -0.876668
3.827252 0.524983 -1.730160
3.843792 0.158150 -2.936003
3.860080 -0.909669 -3.174048
3.876429 -2.633208 -2.702442
3.892958 -4.141396 -1.610437
3.909364 -4.718888 0.096133
3.925779 -3.647737 1.080909
3.942233 -1.601693 1.578555
3.958593 -0.179387 1.103277
3.975095 0.642144 0.073150
3.991482 1.426316 -0.361969
4.007956 0.751588 -0.243757
4.024461 0.105544 -0.156892
4.040832 -0.225780 0.202415
4.057161 -0.173430 0.374525
4.073676 0.220699 -0.181186
4.090067 2.482086 -2.677419
4.106456 0.033506 -1.764257
4.122906 -3.456627 2.749868
4.139327 -6.744397 7.568820
4.155820 -8.716814 11.365773
4.172230 -8.797586 12.893706
4.188609 -7.118523 11.482839
4.205020 -3.587356 7.466847
4.221466 -0.087483 2.490476
4.237898 1.360625 -1.217312
4.254448 -0.858374 -0.679702
4.270769 -0.267995 -0.446552
4.287163 0.974753 -2.448807
4.303666 0.742925 -0.110893
4.320102 -0.838141 3.549667
4.336697 -2.236539 6.995810
4.353033 -3.795155 8.931929
4.369360 -5.419726 8.823476
4.385752 -5.671607 6.661851
4.402239 -4.352731 3.247581
4.418600 -2.563914 -0.039265
4.435052 -1.183052 -1.929870
4.451451 -0.399084 0.000000
4.467954 0.516399 0.000000
4.484310 0.901881 0.000000
4.500747 0.927511 0.000000
4.517239 0.957792 0.000000
4.533769 0.586977 0.000000
4.550025 0.277621 0.000000
4.566511 0.812669 0.000000
4.582927 1.786448 2.439705
4.599380 2.555764 -0.031601
4.615930 2.722235 -4.278464
4.632195 2.973613 -8.467216
4.648598 2.782469 -10.352490
4.665033 2.038459 -9.979657
4.681459 1.723359 -7.551847
4.697943 1.343442 -3.407041
4.714382 0.915851 0.625825
4.730751 -0.192707 2.354143
4.747318 -0.473549 -0.001066
4.763602 -0.325171 0.380676
4.780055 -0.582896 0.690425
4.796411 -0.397007 0.974973
4.812881 0.156022 0.127293
4.829354 0.028332 -0.995452
4.845807 -0.483773 -1.846291
4.862219 -0.291053 -1.975573
4.878773 0.374488 -0.775662
4.894975 0.519564 1.031030
4.911486 0.186416 1.698512
4.928033 0.544486 1.429723
4.944355 0.070471 0.355569
4.960823 -0.860044 -1.271119
4.977156 -1.811687 -2.395768
4.993712 -1.385143 -2.087850
5.009987 -0.520007 -1.149068
5.026455 0.225492 -0.165117
5.042886 0.855607 0.000028
5.059337 1.599087 -0.387848
5.075792 1.174949 -1.093305
5.092159 0.214582 -1.381181
5.108736 -0.080769 -1.156282
5.125037 -0.115311 -0.201660
5.141502 0.327583 0.940899
5.157859 0.293464 1.676892
5.174283 0.267541 2.377137
5.190748 0.376084 1.878928
5.207268 0.267005 1.165285
5.223599 0.634812 1.987175
5.240085 0.592577 0.520744
5.256431 0.194812 -2.485717
5.272877 -0.164576 -5.416888
5.289337 -0.480421 -7.224485
5.305751 -0.328446 -7.306201
5.322155 0.168270 -5.868722
5.338553 0.543718 -3.747380
5.355028 0.435191 -1.441991
5.371461 -0.049588 -0.246898
5.387987 -0.784874 -1.979837
5.404329 -0.978473 -1.721897
5.420814 -1.463434 -0.524919
5.437217 -1.015888 0.514055
5.453665 0.167329 0.858722
5.470144 1.718124 0.385958
5.486506 1.508247 -1.051318
5.502878 0.995937 -1.759482
5.519292 0.313419 -0.951945
5.535777 -0.275229 -0.056896
5.552184 -1.169492 1.711257
5.568646 -1.889893 2.730180
5.585031 -1.087886 2.210633
5.601491 0.018955 0.613913
5.617891 1.221779 -1.221151
5.634370 0.647365 -2.824141
5.650748 0.749761 -2.549182
5.667151 0.545331 -1.354185
5.683561 -0.115769 0.135637
5.700052 -0.892919 1.575864
5.716433 -1.084171 1.480625
5.732923 -0.229607 0.863596
5.749279 0.545122 -0.636112
5.765751 0.491706 -1.869809
5.782221 0.613207 -2.371624
5.798668 1.557529 -1.718015
5.814956 1.870240 -0.955636
5.831503 1.918044 -0.719143
5.847911 2.128115 -0.418316
5.864279 1.989896 0.138442
5.880726 2.161272 2.296976
5.897153 0.185667 0.730454
5.913614 0.015091 -0.310747
5.930031 1.019332 -0.951285
5.946495 1.545712 -1.168164
5.962881 1.586790 -0.939105
6.242242 2.196173 -0.281981
6.258576 2.630339 0.875776
6.275098 2.950853 1.192895
6.291456 1.673392 0.582797
6.307907 1.225618 -2.101503
6.324366 -0.410846 -2.194544
6.340781 -4.567016 -1.932292
6.357190 -8.101766 -1.119835
6.373611 -9.753911 0.041677
6.390033 -8.099021 0.970476
6.406436 -2.678616 1.268060
6.422888 -0.977348 0.715734
6.439347 -2.318899 0.271271
6.455773 -4.549871 0.133586
6.472225 -8.932222 -0.248764
6.488615 -9.403362 0.465562
6.505049 -7.288370 1.225889
6.521535 -3.643169 1.364676
6.537930 0.218675 0.420767
6.554335 2.009727 -0.745084
6.570750 -0.619406 -1.635808
6.587141 -0.545140 -1.139354
6.603591 0.170471 0.025553
6.620091 0.826858 1.041759
6.636511 1.089840 1.767409
6.652914 0.404172 1.007511
6.669350 -0.787161 -0.778380
6.685816 -1.317425 -2.321693
6.702133 -1.102278 -2.761842
6.718589 -0.400151 -1.500466
6.735160 0.804003 0.736127
6.751513 0.631366 2.360968
6.767857 1.486768 3.131808
6.784281 2.357637 2.497804
6.800789 3.040421 1.127745
6.817371 3.771794 -0.721505
6.833661 3.014990 -2.128599
6.849986 1.058684 -2.729378
6.866599 -1.378631 -2.126642
6.882835 -2.574835 -1.614387
6.899300 -2.276666 -0.922088
6.915704 0.169711 0.095252
6.932186 1.003814 0.332022
6.948689 -1.693746 0.128304
6.964958 0.642224 -0.143719
6.981403 4.584259 0.053070
6.997913 9.266461 -0.007732
7.014390 12.142560 0.417252
7.030709 12.793402 0.762636
7.047183 10.194796 1.193730
7.063559 5.195151 1.708241
7.080067 -0.458231 1.558038
7.096379 -3.407526 1.867509
7.112896 -0.081136 1.674337
7.129317 0.048685 0.846310
7.145700 -0.668305 -0.521275
7.162207 -0.458927 -0.708770
7.178505 0.033086 -0.973587
7.194955 0.327296 -1.044151
7.211374 0.205253 -0.250654
7.227837 0.406214 0.738713
7.244258 0.699096 1.511186
7.260793 0.926933 0.957573
7.277216 0.317729 0.466721
7.293527 -0.215364 0.290401
7.310009 0.065178 -0.321650
7.326432 -0.425971 -1.384738
7.342816 -0.434090 -1.538280
7.359325 0.107437 -1.833055
7.375752 0.701698 -1.574408
7.392223 -1.256708 -0.878182
7.408566 0.148134 -0.642990
7.424994 2.765584 0.132502
7.441431 5.656306 0.667008
7.457831 7.968722 1.294610
7.474316 7.838544 1.773696
7.490699 5.584585 1.265157
7.507182 2.027730 0.545232
7.523526 -1.509817 0.607093
7.540042 -2.684031 0.199950
7.556432 0.030348 -0.985347
7.572860 0.793779 -1.525207
7.589316 5.153569 -2.955678
7.605703 2.798328 -3.086090
7.622230 -6.658031 0.340193
7.638590 -17.011142 4.678879
7.654975 -23.077452 9.831572
7.671566 -23.892537 13.659150
7.687905 -19.384560 14.786520
7.704255 -11.141867 12.249467
7.720690 -2.312307 7.384624
7.737111 2.771002 2.094403
7.753587 -0.975840 -1.152953
7.770010 -2.740681 -1.639348
7.786410 -1.708691 -1.918069
7.802805 0.851508 0.052744
7.819500 2.042636 1.845886
7.835724 2.354789 2.902562
7.852135 2.141510 2.829849
7.868562 0.697767 1.247000
7.884960 -0.554537 -0.891219
7.901438 -1.643794 -2.309908
7.917836 -1.693102 -2.187154
7.934283 -0.897509 -1.680507
7.950784 0.051743 -0.910353
7.967211 -0.195180 0.089622
7.983546 -0.431369 0.572345
7.999997 -0.935309 -0.085979
8.016406 -2.102170 -0.514049
8.032837 -2.546396 -0.160266
8.049250 -2.476303 0.447469
8.065750 -1.339698 0.800043
8.082075 -0.466116 1.456597
8.098536 -0.188833 0.605833
8.114998 -0.009064 -0.264012
8.131386 0.550637 -1.047910
8.147823 0.600047 -1.110092
8.164205 0.811622 -0.192265
8.180701 1.311332 2.108169
8.197107 0.707679 0.742546
8.213558 -0.564602 -1.801198
8.229950 -1.928665 -4.437269
8.246435 -2.322283 -6.702302
8.262869 -2.151688 -6.828532
8.279278 -1.536590 -5.626730
8.295701 -1.101346 -3.500656
8.312296 -0.083574 -0.836488
8.328586 0.430128 0.963818
8.345062 0.090375 -0.593315
8.361361 0.151917 0.293652
8.377990 0.321563 1.118392
8.394261 1.013501 1.388895
8.410640 0.890957 1.176305
8.427173 0.511514 0.914476
8.443559 -0.474932 0.072907
8.459975 -0.690185 -0.440597
8.476340 -0.457649 -1.427376
8.492806 -0.597767 -1.217274
8.509281 -0.093571 0.121856
8.525670 1.116715 1.950345
8.542125 1.293901 1.762099
8.558617 0.803752 0.888200
8.574969 -3.039543 -0.527132
8.591396 -2.298323 -2.595400
8.607803 5.768010 -2.313094
8.624257 14.111333 -0.951508
8.640653 21.451354 1.970582
8.657157 26.010428 4.210341
8.673647 24.783918 4.954081
8.690007 17.499652 3.648691
8.706403 8.894679 2.590405
8.722882 1.896418 1.486525
8.739344 1.528485 -0.187469
8.755682 1.078171 -0.621223
8.772143 -0.850915 -1.327198
8.788524 -1.429050 -0.643025
8.805037 -1.589102 -0.261708
8.821367 -1.097309 -0.208529
8.837781 -0.291892 -0.260276
8.854359 0.947520 -0.048655
8.870709 1.040186 0.323787
8.887189 0.969979 -0.260876
8.903770 -0.675305 0.741124
8.919988 -3.090571 1.825099
8.936379 -4.696577 2.535826
8.952935 -4.576508 2.116231
8.969248 -4.076085 1.386047
8.985691 -2.593731 0.545532
9.002075 -0.683317 -0.075668
9.018582 1.172093 -0.456103
9.035017 1.992081 -1.364841
9.051407 1.026117 -1.346829
9.067785 2.696688 -1.196672
9.084456 1.249812 -1.401393
9.100675 -2.401451 -2.146000
9.117104 -6.356862 -2.783035
9.133538 -7.838800 -2.788959
9.150042 -7.820783 -2.239050
9.166409 -6.120893 -1.525627
9.182888 -2.806375 -0.473957
9.199283 0.787286 1.269096
9.215732 -0.381322 2.935775
9.232137 0.485482 1.425938
9.248598 6.063532 -1.677034
9.264938 12.387952 -4.800408
9.281456 16.370148 -6.258895
9.297813 15.995553 -6.093113
9.314246 12.247717 -3.920831
9.330732 5.400153 -0.178738
9.347205 -2.298800 2.834661
9.363706 -6.975599 4.305944
9.379964 -4.005729 2.636387
9.396391 -1.942186 0.432454
9.412888 0.059485 -1.902655
9.429261 2.027155 -3.266451
9.445662 3.374382 -3.517437
9.462028 3.464732 -2.371075
9.478560 1.753589 -1.295994
9.494945 -0.946942 1.591128
9.511362 -3.235482 3.337153
9.527873 -4.924532 6.546835
9.544249 -5.276002 8.764193
9.560646 -4.648343 9.559274
9.577212 -2.882637 8.551735
9.593555 -1.364331 6.216774
9.610073 -0.142805 2.887065
9.626463 8.315722 4.589650
9.642851 0.447937 -0.492061
9.659304 -13.684069 -8.994470
9.675700 -27.540578 -14.717031
9.692063 -35.422239 -19.319078
