0.000000 20.459967 8.061027
0.016509 16.605298 5.768136
0.032912 9.707398 2.473610
0.049308 2.201877 -0.923387
0.065797 -2.430011 -1.987154
0.082174 0.751828 0.896144
0.098562 -0.431036 1.048854
0.115031 -0.431643 0.846057
0.131548 -0.877604 0.867392
0.147993 -0.255298 2.794697
0.164394 -0.401416 2.610637
0.180768 -1.451039 -0.426451
0.197267 -3.105490 -4.163979
0.213621 -4.417731 -6.936131
0.230048 -4.602210 -7.890161
0.246487 -3.310730 -6.265389
0.262946 -1.486314 -2.771895
0.279374 0.361539 1.039742
0.295745 2.588439 3.602567
0.312158 1.219724 1.848797
0.328594 -1.258180 -0.414053
0.345064 -3.769132 -2.499240
0.361493 -5.390217 -3.122764
0.377896 -4.542292 -2.787448
0.394371 -2.210796 -1.915276
0.410781 0.778529 -1.071061
0.427182 3.682770 0.201962
0.443583 5.042831 0.848112
0.459983 3.174985 0.981633
0.476431 0.533406 0.210606
0.492879 -2.480200 -0.911006
0.509290 -2.708834 -1.192369
0.525765 -1.731449 -0.885855
0.542218 0.313301 0.315515
0.558636 -0.289733 1.156319
0.575083 -2.093772 1.516999
0.591465 -3.956641 0.615339
0.607837 -6.274990 0.050177
0.624310 -7.164968 -1.178079
0.640756 -5.643361 -0.966448
0.657211 -2.575929 -0.076353
0.673592 -0.173853 0.973094
0.690087 1.923065 1.768025
0.706492 0.402612 0.607866
0.722864 0.379236 -1.207995
0.739368 -0.634388 -2.755776
0.755802 -0.087215 -2.355745
0.772181 1.568715 -1.773458
0.788586 3.055082 -0.476690
0.805057 3.516661 -0.118022
0.821496 3.835488 0.778094
0.837955 2.963228 1.253849
0.854369 1.224434 0.061424
0.870759 0.391910 -0.415219
0.887189 0.037144 -0.296264
0.903644 1.283367 -0.636008
0.920084 0.779303 -0.258904
0.936467 -0.330139 0.713488
0.952874 -1.081057 1.424736
0.969315 -0.869195 2.239928
0.985720 -1.153787 1.931767
1.002190 -0.184984 0.993546
1.018609 2.036597 0.357484
1.035104 4.343104 -0.894285
1.051508 4.986774 -0.225003
1.067900 3.987331 0.702094
1.084313 2.615708 0.031047
1.100827 0.369823 -1.181489
1.117185 -1.398457 -2.311553
1.133641 -2.038169 -3.234804
1.150044 -0.481990 -2.630854
1.166471 0.754858 -0.625532
1.182932 -0.305189 2.585916
1.199402 0.643338 4.098758
1.215766 2.470461 2.109302
1.232189 4.501361 0.296427
1.248592 4.291421 -1.730660
1.265078 4.114720 -2.414200
1.281479 2.704588 -1.714052
1.297876 0.680430 0.902197
1.314333 -1.320424 2.664880
1.330730 -1.905242 2.451233
1.347166 0.612658 1.446244
1.363604 1.136203 1.277803
1.380032 0.276841 1.661581
1.396491 0.270463 1.330039
1.412853 1.906796 1.377383
1.429334 2.947451 0.822412
1.445810 3.778904 0.231991
1.462233 3.775677 -0.919921
1.478608 2.702284 -0.972267
1.495024 1.708131 -0.825429
1.511518 0.089606 -0.788846
1.527850 -0.531382 -0.497243
1.544307 -0.212784 -0.809121
1.560749 -0.710624 -0.399076
1.577213 -0.818343 -0.404724
1.593615 -0.835256 -1.160532
1.610026 -0.704399 -0.278525
1.626428 0.311742 0.000709
1.642871 0.651430 3.577619
1.659332 0.290419 6.615801
1.675754 0.120551 6.874811
1.692189 -0.982086 6.029690
1.708583 -1.138757 4.075437
1.725060 -0.895807 1.340384
1.741442 -0.995740 -0.616935
1.757899 -0.642683 -0.699924
1.774368 -0.729089 -1.174123
1.790785 -1.162781 1.800922
1.807166 -0.111161 0.567826
1.823589 0.032329 -0.682323
1.840005 1.240535 0.542105
1.856252 3.752170 0.993746
1.872874 5.729031 0.876140
1.889274 5.632106 2.485302
1.905753 4.681743 3.475933
1.922198 2.850060 3.555258
1.938583 0.925133 3.354902
1.955064 -0.804276 1.035620
1.971436 -1.689521 -0.603765
1.987911 -0.218294 0.741815
2.004255 -0.883111 -0.200937
2.020712 -1.236004 -1.030173
2.037111 -4.224824 0.187730
2.053640 -7.041007 -1.219115
2.070026 -8.542165 -2.951383
2.086460 -8.899467 -4.043599
2.103039 -7.669618 -3.194325
2.119315 -5.425091 0.072558
2.135740 -2.687279 1.211499
2.152185 -0.787126 1.032406
2.168604 0.790453 1.709733
2.185023 0.111663 2.842083
2.201479 1.124397 0.883020
2.217936 2.471518 -1.039387
2.234352 1.718895 -1.144900
2.250716 0.818967 -0.103278
2.267121 0.019256 0.287745
2.283563 -0.682210 0.023981
2.299991 -1.443640 0.927020
2.316492 -1.449407 -0.431418
2.332866 -0.854458 -1.075210
2.349268 0.136173 -2.491578
2.365741 -0.451630 -2.512134
2.382188 -0.425081 0.240921
2.398583 2.546906 0.626488
2.414944 4.447584 1.080390
2.431490 7.266631 -2.427813
2.447840 9.639167 -7.424969
2.464364 10.523180 -10.828915
2.480719 8.614965 -9.677845
2.497161 4.895364 -7.565526
2.513582 0.713433 -4.217513
2.530025 -1.657585 0.160417
2.546399 -2.787728 1.776989
2.562812 -3.685338 2.766411
2.579285 0.917838 0.249353
2.595743 2.839992 -0.411048
2.612103 2.387832 -0.301238
2.628620 1.447761 0.134636
2.645005 0.565498 -0.381155
2.661439 -0.514495 0.095102
2.677838 0.256521 0.780913
2.694362 0.700208 1.041594
2.710739 -0.008304 2.030499
2.727161 0.324693 3.201777
2.743605 -1.522644 2.294634
2.759979 0.585518 -0.450363
2.776448 0.537509 -2.642875
2.792834 -1.560882 -2.938191
2.809344 -3.523431 -3.221487
2.825778 -4.830819 -0.839068
2.842190 -6.725775 2.285786
2.858561 -6.441071 4.141405
2.874980 -2.637493 3.747675
2.891432 0.995210 1.018920
2.907827 2.646869 -0.886839
2.924263 0.739604 -1.874991
2.940725 0.989189 -3.164758
2.957107 1.523869 -4.296427
2.973577 0.454228 -2.564837
2.990000 -0.272944 -1.133711
3.006462 -0.662889 1.147678
3.022854 0.319717 1.863140
3.039328 0.002092 2.135140
3.055802 5.555249 2.333542
3.072099 0.446819 0.817107
3.088607 -8.992632 -1.374554
3.104980 -18.548951 -2.707590
3.121437 -24.954794 -2.406567
