0.000000 2.384999
0.016425 2.390424
0.032769 2.395889
0.049213 2.401434
0.065695 2.407101
0.082037 2.412926
0.098514 2.418949
0.114933 2.425205
0.131401 2.431731
0.147828 2.438559
0.164299 2.445721
0.180671 2.453246
0.197101 2.461163
0.213530 2.469496
0.229882 2.478268
0.246431 2.487499
0.262942 2.497207
0.279271 2.507407
0.295659 2.518111
0.312080 2.529329
0.328492 2.541067
0.344982 2.553328
0.361415 2.566114
0.377815 2.579422
0.394239 2.593248
0.410583 2.607582
0.427067 2.622414
0.443570 2.637731
0.459940 2.653515
0.476312 2.669747
0.492769 2.686405
0.509169 2.703463
0.525662 2.720896
0.542028 2.738674
0.558463 2.756765
0.574892 2.775136
0.591389 2.793752
0.607857 2.812578
0.624233 2.831575
0.640647 2.850706
0.657127 2.869932
0.673578 2.889213
0.689965 2.908510
0.706416 2.927784
0.722785 2.946996
0.739270 2.966106
0.755666 2.985078
0.772086 3.003874
0.788482 3.022458
0.805015 3.040796
0.821446 3.058854
0.837845 3.076600
0.854218 3.094003
0.870669 3.111035
0.887079 3.127668
0.903487 3.143878
0.919905 3.159641
0.936364 3.174935
0.952858 3.189741
0.969249 3.204042
0.985693 3.217821
1.002061 3.231066
1.018566 3.243764
1.034912 3.255907
1.051358 3.267486
1.067994 3.278496
1.084234 3.288934
1.100657 3.298797
1.117056 3.308085
1.133568 3.316799
1.149978 3.324944
1.166385 3.332525
1.182767 3.339546
1.199280 3.346018
1.215637 3.351948
1.232061 3.357348
1.248589 3.362230
1.265002 3.366605
1.281411 3.370489
1.297803 3.373895
1.314252 3.376839
1.330673 3.379337
1.347082 3.381407
1.363548 3.383064
1.379967 3.384325
1.396398 3.385210
1.412796 3.385735
1.429212 3.385918
1.445621 3.385777
1.462035 3.385330
1.478520 3.384594
1.494952 3.383586
1.511388 3.382324
1.527768 3.380824
1.544174 3.379103
1.560641 3.377176
1.577067 3.375059
1.593519 3.372766
1.609945 3.370311
1.626367 3.367708
1.642796 3.364970
1.659161 3.362109
1.675617 3.359136
1.692057 3.356063
1.708518 3.352900
1.724907 3.349655
1.741412 3.346339
1.757809 3.342960
1.774333 3.339525
1.790642 3.336042
1.807060 3.332517
1.823510 3.328956
1.839962 3.325365
1.856368 3.321749
1.872828 3.318112
1.889194 3.314459
1.905661 3.310793
1.922063 3.307117
1.938459 3.303434
1.954966 3.299746
1.971319 3.296055
1.987828 3.292363
2.004218 3.288670
2.020637 3.284978
2.037052 3.281286
2.053519 3.277595
2.069900 3.273905
2.086314 3.270215
2.102801 3.266523
2.119163 3.262829
2.135643 3.259130
2.152027 3.255426
2.168512 3.251713
2.184928 3.247990
2.201481 3.244255
2.217826 3.240504
2.234192 3.236735
2.250637 3.232946
2.267077 3.229135
2.283578 3.225297
2.299911 3.221432
2.316356 3.217537
2.332772 3.213610
2.349196 3.209650
2.365673 3.205654
2.382060 3.201622
2.398477 3.197553
2.414924 3.193447
2.431356 3.189304
2.447769 3.185125
2.464257 3.180911
2.480692 3.176664
2.497069 3.172386
2.513567 3.168080
2.529938 3.163752
2.546310 3.159404
2.562843 3.155043
2.579133 3.150674
2.595662 3.146305
2.612073 3.141944
2.628484 3.137599
2.644931 3.133279
2.661359 3.128996
2.677782 3.124758
2.694162 3.120579
2.710616 3.116471
2.727030 3.112446
2.743509 3.108518
2.759858 3.104702
2.776352 3.101010
2.792753 3.097458
2.809191 3.094062
2.825649 3.090835
2.842112 3.087794
2.858435 3.084954
2.874935 3.082330
2.891302 3.079937
2.907789 3.077789
2.924204 3.075903
2.940573 3.074291
2.957061 3.072967
2.973461 3.071945
2.989917 3.071237
3.006360 3.070854
3.022928 3.070808
3.219954 3.071108
3.236277 3.071763
3.252764 3.072780
3.269246 3.074168
3.285663 3.075930
3.302065 3.078072
3.318449 3.080598
3.334926 3.083508
3.351338 3.086804
3.367756 3.090485
3.384229 3.094550
3.400615 3.098995
3.417072 3.103817
3.433516 3.109010
3.449937 3.114567
3.466395 3.120479
3.482789 3.126739
3.499330 3.133334
3.515639 3.140254
3.532049 3.147485
3.548479 3.155013
3.564908 3.162824
3.581339 3.170902
3.597755 3.179230
3.614197 3.187791
3.630611 3.196565
3.647009 3.205535
3.663459 3.214681
3.679862 3.223983
3.696364 3.233420
3.712757 3.242972
3.729175 3.252617
3.745632 3.262336
3.762057 3.272105
3.778436 3.281905
3.794935 3.291713
3.811405 3.301509
3.827803 3.311272
3.844185 3.320981
3.860552 3.330615
3.877062 3.340153
3.893482 3.349577
3.909903 3.358867
3.926256 3.368003
3.942744 3.376966
3.959130 3.385740
3.975640 3.394306
3.992003 3.402647
4.008454 3.410748
4.024863 3.418593
4.041333 3.426167
4.057797 3.433457
4.074205 3.440449
4.090645 3.447132
4.107083 3.453494
4.123484 3.459526
4.139854 3.465217
4.156320 3.470561
4.172951 3.475549
4.189157 3.480176
4.205618 3.484438
4.222029 3.488330
4.238448 3.491849
4.254908 3.494995
4.271278 3.497768
4.287771 3.500169
4.304191 3.502201
4.320665 3.503867
4.337043 3.505174
4.353399 3.506126
4.369912 3.506734
4.386335 3.507005
4.402757 3.506951
4.419229 3.506582
4.435554 3.505913
4.452006 3.504956
4.468502 3.503727
4.484893 3.502241
4.501257 3.500514
4.517761 3.498565
4.534194 3.496410
4.550627 3.494068
4.567014 3.491557
4.583437 3.488896
4.599915 3.486104
4.616321 3.483200
4.632769 3.480201
4.649164 3.477128
4.665620 3.473997
4.682061 3.470827
4.698459 3.467634
4.714914 3.464435
4.731323 3.461244
4.747765 3.458077
4.764144 3.454947
4.780570 3.451867
4.797041 3.448848
4.813403 3.445900
4.829860 3.443034
4.846239 3.440257
4.862782 3.437576
4.879127 3.434997
4.895570 3.432524
4.912023 3.430161
4.928420 3.427908
4.944881 3.425767
4.961247 3.423736
4.977648 3.421814
4.994140 3.419997
5.010531 3.418281
5.027022 3.416659
5.043413 3.415125
5.059859 3.413670
5.076263 3.412284
5.092748 3.410958
5.109141 3.409679
5.125598 3.408436
5.142009 3.407215
5.158396 3.406002
5.174867 3.404782
5.191282 3.403541
5.207767 3.402262
5.224122 3.400930
5.240545 3.399528
5.257008 3.398040
5.273419 3.396450
5.289893 3.394742
5.306234 3.392901
5.322782 3.390912
5.339132 3.388760
5.355559 3.386432
5.371974 3.383917
5.388484 3.381203
5.404922 3.378280
5.421210 3.375140
5.437735 3.371778
5.454006 3.368187
5.470488 3.364365
5.486925 3.360311
5.503382 3.356025
5.519893 3.351511
5.536253 3.346772
5.552673 3.341815
5.569117 3.336649
5.585533 3.331283
5.602022 3.325730
5.618426 3.320002
5.634751 3.314116
5.651337 3.308088
5.667630 3.301935
5.684186 3.295677
5.700601 3.289333
5.716961 3.282924
5.733422 3.276472
5.749902 3.269998
