0.000000 315.571200 394.696800
0.016536 316.195200 422.404200
0.032871 319.334400 427.555800
0.049371 337.411200 472.041000
0.066097 361.689600 432.545400
0.082282 361.804800 432.702000
0.098659 504.576000 455.657400
0.115016 497.251200 470.599200
0.131543 500.332800 474.870600
0.147914 483.465600 468.968400
0.164321 530.016000 461.392200
0.180731 529.939200 461.230200
0.197232 486.384000 460.992600
0.213575 512.697600 438.409800
0.230135 507.590400 429.267600
0.246512 518.841600 466.068600
0.263026 618.652800 438.075000
0.279233 622.060800 445.672800
0.295670 699.312000 392.585400
0.312128 763.238400 424.926000
0.328526 763.238400 424.926000
0.345078 758.361600 442.319400
0.361459 742.128000 379.004400
0.378003 742.128000 379.004400
0.394318 714.700800 396.462600
0.410697 766.368000 510.456600
0.427265 768.364800 518.529600
0.443540 758.793600 393.238800
0.460059 715.248000 460.285200
0.476426 720.326400 473.477400
0.492969 746.870400 461.408400
0.509204 720.163200 485.973000
0.525850 716.198400 473.185800
0.542206 682.646400 450.781200
0.558535 756.393600 401.133600
0.574999 751.200000 383.491800
0.591380 728.937600 371.838600
0.608021 723.667200 425.957400
0.624354 726.739200 435.088800
0.640659 782.726400 537.840000
0.657076 783.820800 590.155200
0.673582 785.664000 597.877200
0.690186 833.606400 566.638200
0.706445 823.296000 601.776000
0.722751 824.160000 600.998400
0.739551 814.752000 576.082800
0.755866 823.737600 553.608000
0.772220 817.488000 530.706600
0.788586 761.913600 335.334600
0.804988 749.395200 374.360400
0.821413 754.502400 391.759200
0.837881 784.876800 426.151800
0.854218 816.028800 425.266200
0.870871 820.204800 442.648800
0.887194 834.777600 424.828800
0.903737 816.086400 443.788200
0.920190 813.427200 435.175200
0.936493 1134.067200 544.190400
0.952807 1159.411200 576.385200
0.969479 1159.372800 576.644400
0.985703 1126.368000 584.242200
1.002058 1183.737600 587.390400
1.018592 1183.440000 591.564600
1.034977 1084.588800 596.835000
1.051351 1132.752000 545.815800
1.067809 1134.403200 534.448800
1.084193 1171.353600 510.489000
1.100660 1214.620800 510.499800
1.117075 1214.832000 506.341800
1.133657 1190.716800 505.396800
1.149879 1135.113600 554.466600
1.166501 1133.587200 566.055000
1.182833 1143.072000 540.054000
1.199274 1180.550400 619.153200
1.215691 1180.435200 622.614600
1.232198 1092.460800 619.801200
1.248629 1145.712000 595.274400
1.265341 1147.536000 584.712000
1.281469 1186.742400 530.793000
1.297849 1157.817600 540.901800
1.314396 1156.521600 546.987600
1.330690 1262.188800 562.761000
1.347125 1268.764800 622.393200
1.363443 1267.593600 629.343000
1.380069 1277.030400 562.458600
1.396354 1300.579200 534.330000
1.412883 1309.593600 503.976600
1.429315 1290.470400 496.551600
1.445697 1302.576000 505.796400
1.462065 1299.417600 513.610200
1.478677 1071.734400 646.012800
1.495003 734.524800 785.559600
1.511523 745.017600 804.270600
1.528004 755.299200 808.439400
1.544450 719.232000 805.620600
1.560902 715.094400 797.364000
1.577156 670.838400 747.333000
1.593731 698.313600 779.052600
1.610168 696.076800 776.098800
1.626441 725.884800 781.677000
1.642912 732.556800 781.941600
1.659380 739.036800 793.897200
1.675764 739.545600 791.737200
1.692238 748.108800 782.514000
1.708599 745.468800 777.394800
1.724991 744.086400 803.601000
1.741406 749.856000 776.293200
1.757857 749.856000 776.293200
1.774352 739.833600 789.134400
1.790714 719.856000 794.388600
1.807071 718.876800 791.272800
1.823649 713.836800 773.766000
1.839959 713.088000 797.542200
1.856376 706.387200 786.213000
1.872841 745.718400 791.008200
1.889429 741.705600 772.729200
1.905656 742.656000 775.629000
1.922061 672.854400 772.259400
1.938532 608.304000 876.333600
1.955065 612.748800 881.253000
1.971423 162.076800 934.146000
1.987942 151.017600 929.226600
2.004404 138.172800 922.298400
2.020740 174.009600 891.388800
2.037183 129.302400 911.973600
2.053731 133.132800 914.511600
2.070049 199.420800 920.710800
2.086354 180.067200 933.492600
2.102968 188.870400 936.970200
2.119462 198.988800 900.018000
2.135785 131.856000 875.766600
2.152140 116.784000 868.606200
2.168631 95.952000 878.790600
2.185052 123.350400 890.773200
2.201354 134.016000 896.292000
2.217923 152.812800 830.908800
2.234482 187.699200 796.483800
2.250655 182.956800 794.129400
2.267114 174.518400 821.410200
2.283652 208.252800 804.810600
2.299929 212.707200 807.381000
2.316393 207.158400 784.085400
2.332946 264.739200 825.751800
2.349326 271.152000 830.217600
2.365702 548.928000 812.786400
2.382234 576.499200 823.419000
2.398591 576.499200 823.419000
2.414980 538.540800 832.091400
2.431454 511.574400 819.401400
2.447896 509.308800 817.619400
2.464386 474.681600 810.707400
2.480765 523.123200 634.710600
2.497068 523.776000 633.376800
2.513650 563.145600 171.018000
2.530108 528.460800 181.494000
2.546325 522.067200 169.187400
2.562811 536.793600 140.297400
2.579203 541.929600 161.886600
2.595672 552.556800 188.503200
2.612081 566.342400 210.594600
2.628509 585.283200 184.793400
2.645163 580.742400 172.632600
2.661480 528.499200 174.366000
2.677939 390.873600 165.126600
2.694223 387.100800 158.581800
2.710651 430.377600 158.625000
2.727175 427.238400 156.540600
2.743486 436.310400 173.917800
2.759985 454.099200 177.811200
2.776418 424.377600 175.321800
2.792792 427.814400 181.008000
2.809242 458.784000 197.213400
2.825611 474.854400 197.942400
2.842097 473.961600 196.009200
2.858496 410.630400 234.835200
2.875001 441.129600 232.491600
2.891546 436.041600 222.534000
2.907966 438.201600 225.023400
2.924203 437.443200 213.040800
2.940746 432.470400 203.175000
2.957265 395.654400 194.054400
2.973644 391.708800 216.442800
2.990007 394.348800 222.496200
3.006381 424.118400 228.657600
3.022775 705.523200 222.345000
3.039322 704.409600 216.637200
3.055604 678.028800 220.174200
3.072161 660.480000 204.082200
3.088576 656.803200 192.601800
3.104892 636.739200 156.216600
3.121472 666.643200 189.793800
3.137878 666.643200 189.793800
3.154323 651.148800 164.392200
3.170728 630.326400 170.127000
3.187077 633.609600 179.949600
3.203481 658.080000 208.774800
3.219860 668.678400 221.038200
3.236390 673.804800 238.518000
3.252736 671.356800 220.131000
3.269331 681.177600 235.753200
3.285892 678.192000 226.081800
3.302242 704.332800 177.768000
3.318568 751.238400 189.172800
3.334940 752.640000 193.179600
3.351506 906.124800 185.511600
3.367761 929.568000 185.857200
3.384303 930.556800 195.885000
3.400701 919.891200 195.048000
3.417014 918.201600 226.362600
3.433618 915.801600 204.865200
3.449926 891.830400 178.691400
3.466452 880.982400 150.319800
3.482806 878.102400 128.606400
3.499281 963.312000 129.594600
3.515651 943.910400 154.224000
3.532223 943.910400 154.224000
3.548572 881.942400 131.733000
3.565146 883.689600 115.047000
3.581442 885.542400 132.953400
3.598019 1101.705600 171.374400
3.614357 1095.129600 193.028400
3.630692 1095.504000 198.801000
3.647185 1060.876800 122.941800
3.663640 1077.648000 117.828000
3.679922 1077.609600 100.002600
3.696437 1110.758400 121.527000
3.712969 1131.801600 143.721000
3.729232 1131.964800 149.482800
3.745629 1099.468800 113.221800
3.762255 1115.097600 110.278800
3.778424 1115.721600 98.091000
3.794982 936.537600 110.818800
3.811439 889.843200 96.940800
3.827901 890.188800 103.129200
3.844171 894.009600 131.814000
3.860650 843.302400 144.536400
3.877307 848.745600 178.529400
3.893612 910.771200 217.906200
3.909867 895.219200 238.572000
3.926434 895.123200 232.799400
3.942815 861.504000 172.027800
3.959228 874.492800 151.475400
3.975756 871.766400 135.302400
3.992240 905.942400 190.425600
4.008521 898.569600 190.107000
4.025019 901.468800 213.737400
4.041343 834.288000 254.253600
4.057820 856.723200 242.028000
4.074315 856.723200 242.028000
4.090672 867.849600 163.274400
4.107153 847.977600 186.359400
4.123591 849.139200 190.485000
4.140050 822.048000 182.638800
4.156346 814.924800 187.536600
4.172736 810.268800 163.177200
4.189177 809.289600 128.098800
4.205675 835.488000 118.233000
4.222051 832.300800 102.324600
4.238529 911.500800 133.893000
4.254887 937.824000 135.945000
4.271335 938.668800 141.706800
4.287806 939.648000 116.424000
4.304216 937.353600 101.914200
4.320603 936.307200 89.596800
4.337098 942.057600 77.306400
4.353447 957.484800 65.820600
4.369850 958.281600 84.601800
4.386302 955.123200 111.985200
4.402747 956.870400 126.754200
4.419199 958.627200 151.648200
4.435607 1000.339200 151.329600
4.452025 977.769600 155.347200
4.468446 977.270400 136.582200
4.484877 963.715200 114.744600
4.501304 931.200000 95.688000
4.517778 930.134400 94.991400
4.534124 861.043200 156.508200
4.550673 870.710400 171.763200
4.567008 875.385600 201.544200
4.583433 882.902400 190.512000
4.599902 873.811200 198.682200
4.616328 872.284800 188.130600
4.632900 888.576000 167.227200
4.649197 883.939200 195.750000
4.665648 883.584000 189.518400
4.682183 998.659200 137.332800
4.698455 1260.201600 120.576600
4.714929 1262.697600 101.979000
4.731450 1336.924800 120.787200
4.747797 1276.041600 154.099800
4.764144 1273.862400 166.050000
4.780765 1283.088000 172.465200
4.797206 1315.363200 178.961400
4.813495 1312.771200 190.868400
4.829937 1338.652800 174.247200
4.846381 1336.320000 187.903800
4.862816 1338.345600 181.715400
4.879268 1345.555200 162.540000
4.895687 1314.940800 161.173800
4.912159 1317.513600 149.067000
4.928618 1319.308800 124.934400
4.944886 1318.723200 142.236000
4.961319 1318.723200 142.236000
4.977896 1338.000000 149.806800
4.994175 1341.292800 145.373400
5.010692 1339.305600 151.394400
5.027137 1306.032000 171.882000
5.043422 1291.478400 182.763000
5.060005 1289.088000 194.778000
5.076432 1298.707200 197.251200
5.092768 1277.971200 203.493600
5.109308 1279.516800 197.478000
5.125572 1348.531200 175.548600
5.142153 1337.241600 141.431400
5.158499 1336.512000 140.583600
5.174852 1312.809600 164.975400
5.191410 1293.062400 190.085400
5.207763 1290.038400 207.505800
5.224090 1266.835200 202.203000
5.240737 1264.329600 184.140000
5.256998 1268.332800 161.389800
5.273707 1261.142400 165.618000
5.290068 1323.945600 287.064000
5.306442 1325.913600 281.556000
5.322799 1272.787200 349.957800
5.339228 1287.216000 326.224800
5.355718 1285.574400 331.344000
5.372018 1309.996800 333.055800
5.388503 1316.563200 359.029800
5.404906 1316.515200 359.202600
5.421267 1307.587200 329.605200
5.437872 1306.473600 313.923600
5.454182 1310.803200 298.306800
5.470730 1209.552000 472.354200
5.486996 1220.284800 529.480800
5.503592 1220.304000 529.340400
5.519961 1209.091200 582.503400
5.536380 1206.259200 584.933400
5.552833 1206.259200 584.933400
5.569169 1224.105600 561.097800
5.585574 1227.235200 566.627400
5.602196 1225.900800 570.477600
5.618434 1186.099200 588.151800
5.635076 1195.910400 616.593600
5.651355 1195.785600 620.152200
5.667865 1243.584000 562.069800
5.684180 1268.448000 547.435800
5.700685 1269.091200 543.423600
5.717365 1220.121600 564.229800
5.733586 1189.843200 596.181600
5.749880 1188.451200 603.887400
5.766309 1223.500800 567.518400
5.782827 1231.948800 544.600800
5.799197 1233.696000 536.544000
5.815709 1229.577600 515.116800
5.831993 1223.913600 569.143800
5.848482 1225.094400 565.255800
5.865000 1233.532800 541.722600
5.881361 1228.233600 509.047200
5.897753 1228.262400 508.901400
5.914098 1167.110400 528.930000
5.930563 1162.982400 518.454000
5.946961 1162.982400 518.454000
5.963407 1185.840000 562.177800
5.980035 1153.497600 567.885600
5.996508 1152.633600 571.649400
6.012786 1207.881600 606.560400
6.029177 1207.651200 607.446000
6.045728 1206.086400 615.038400
6.061974 1183.833600 582.373800
6.078475 1167.004800 518.200200
6.094893 1167.004800 518.200200
6.111274 1176.835200 639.559800
6.127810 1269.302400 876.274200
6.144250 1270.828800 873.541800
6.160682 1247.308800 876.522600
6.177068 1217.625600 883.396800
6.193466 1218.009600 881.064000
6.209865 1223.088000 917.800200
6.226388 1223.232000 885.222000
6.242701 1221.504000 889.984800
6.259229 1259.328000 887.128200
6.275788 1234.502400 888.100200
6.292095 1236.297600 883.467000
6.308473 1253.721600 886.145400
6.324898 1260.940800 873.784800
6.341309 1260.940800 873.784800
6.357792 1261.132800 882.840600
6.374289 1174.780800 860.749200
6.390557 1174.780800 860.749200
6.407221 833.126400 881.350200
6.423402 821.587200 889.736400
6.440064 823.833600 894.342600
6.456398 851.232000 897.690600
6.472822 827.596800 898.932600
6.489247 829.411200 901.092600
6.505562 852.499200 889.228800
6.522221 815.779200 852.649200
6.538464 814.003200 850.213800
6.554771 812.668800 838.431000
6.571285 791.260800 845.046000
6.587855 791.308800 845.132400
6.604143 832.732800 870.987600
6.620694 865.430400 863.330400
6.637127 865.430400 863.330400
6.653550 871.660800 893.500200
6.669984 864.172800 915.337800
6.686373 866.054400 919.825200
6.702793 868.886400 869.113800
6.719126 853.008000 742.462200
6.735640 852.556800 738.995400
6.752068 871.152000 800.911800
6.768376 856.041600 769.386600
6.784921 854.092800 763.408800
6.801217 871.862400 718.518600
6.817839 824.409600 773.852400
6.834272 824.409600 773.852400
6.850795 610.022400 879.660000
6.867049 597.062400 916.201800
6.883442 594.451200 914.311800
6.899914 532.051200 875.010600
6.916309 503.222400 914.117400
6.932877 508.627200 918.577800
6.949165 498.489600 901.400400
6.965499 519.619200 884.120400
6.982140 524.947200 888.958800
6.998494 494.467200 879.093000
7.015000 535.670400 904.381200
7.031269 535.670400 904.381200
7.047762 498.777600 916.682400
7.064194 567.801600 938.379600
7.080715 569.635200 939.589200
7.096995 622.156800 909.106200
7.113396 616.905600 904.624200
7.129978 612.393600 899.883000
7.146244 597.916800 859.707000
7.163057 601.372800 882.403200
7.179260 597.590400 878.342400
7.195662 334.972800 910.953000
7.212065 339.628800 916.423200
7.228444 342.480000 918.750600
7.245084 312.451200 957.700800
7.261422 330.892800 927.639000
7.277776 338.198400 932.094000
7.294182 329.280000 982.881000
7.310560 338.064000 977.594400
7.326947 340.819200 979.554600
7.343436 349.564800 977.173200
7.359871 347.059200 982.810800
7.376429 350.726400 984.290400
7.392652 393.484800 985.068000
7.409127 378.768000 990.829800
7.425749 372.710400 987.487200
7.442066 333.513600 964.429200
7.458506 636.412800 1001.889000
7.474968 637.756800 1003.638600
7.491401 898.540800 938.628000
7.507769 918.201600 954.099000
7.524252 919.248000 955.665000
7.540523 917.846400 982.238400
7.557134 883.238400 986.752800
7.573501 881.366400 981.336600
7.589899 908.160000 968.414400
7.606339 896.937600 968.463000
7.622952 895.372800 964.531800
7.639115 900.384000 966.729600
7.655650 900.576000 939.637800
7.672156 899.452800 937.564200
7.688619 876.307200 867.634200
7.704772 843.993600 710.953200
7.721284 843.465600 707.821200
7.737793 875.308800 721.596600
7.754242 889.180800 709.516800
7.770604 887.625600 703.177200
7.787182 860.870400 665.593200
7.803588 894.230400 694.634400
7.819842 895.689600 700.914600
7.836315 869.395200 716.715000
7.852674 868.992000 738.190800
7.869142 869.529600 741.393000
7.885692 897.964800 741.468600
7.902043 869.289600 730.539000
7.918374 869.318400 730.641600
7.934930 897.456000 703.522800
7.951614 890.640000 708.404400
7.967797 892.185600 714.798000
7.984227 872.505600 711.730800
8.000730 873.456000 738.757800
8.017016 873.456000 738.757800
8.033532 901.084800 751.815000
8.050000 894.441600 746.442000
8.066445 892.915200 740.356200
8.082643 881.750400 711.379800
8.099335 944.860800 720.009000
8.115668 944.860800 720.009000
8.131945 922.425600 692.577000
8.148491 919.382400 767.226600
8.164954 920.448000 770.115600
8.181309 920.227200 783.583200
8.197925 949.689600 779.646600
8.214170 949.670400 779.549400
8.230565 936.518400 780.526800
8.246912 944.457600 755.649000
8.263426 943.420800 752.889600
8.279945 960.806400 729.610200
8.296320 954.364800 719.431200
8.312753 954.374400 719.544600
8.329169 994.387200 771.174000
8.345521 1113.465600 630.817200
8.361942 1113.465600 630.817200
8.378481 1144.944000 621.367200
8.394793 1126.099200 634.737600
8.411294 1126.876800 631.044000
8.427700 1096.108800 637.124400
8.444145 1096.598400 612.041400
8.460665 1096.224000 608.590800
8.477095 1065.062400 614.104200
8.493546 1101.196800 617.214600
8.509829 1100.688000 624.499200
8.526288 1132.617600 608.509800
8.542753 1109.462400 645.348600
8.559107 1109.462400 645.348600
8.575682 1079.088000 614.466000
8.591909 1118.851200 651.429000
8.608528 1119.504000 647.789400
8.624832 1102.396800 602.850600
8.641280 1107.081600 582.687000
8.657749 1107.619200 575.127000
8.674113 1082.956800 577.152000
8.690630 1077.984000 579.312000
8.706972 1077.436800 583.081200
8.723377 1097.923200 588.367800
8.739909 1105.516800 544.001400
8.756252 1104.441600 559.893600
8.772655 1058.774400 632.685600
8.789125 1076.054400 664.524000
8.805638 1076.054400 664.524000
8.822186 1038.960000 683.164800
8.838356 1050.278400 638.987400
8.854868 1050.873600 627.993000
8.871449 1077.580800 640.515600
8.887616 1080.672000 606.312000
8.904100 1080.297600 602.618400
8.920563 1063.939200 633.814200
8.936896 1078.876800 649.576800
8.953466 1079.280000 652.924800
8.970006 822.211200 763.214400
8.986315 692.467200 755.281800
9.002791 694.425600 761.162400
9.019131 753.225600 854.182800
9.035520 759.494400 866.041200
9.052132 766.108800 875.680200
9.068427 721.027200 877.613400
9.084964 739.190400 818.116200
9.101419 733.286400 807.786000
9.117725 689.270400 852.060600
9.134022 730.886400 796.770000
9.150544 727.785600 791.240400
9.166980 723.427200 760.282200
9.183521 716.860800 787.924800
9.199765 717.859200 790.948800
9.216365 889.276800 281.680200
9.232833 900.307200 246.229200
9.249175 903.177600 268.720200
9.265606 913.948800 269.649000
9.281973 935.385600 292.453200
9.298443 936.316800 295.893000
9.314913 923.644800 290.444400
9.331355 919.276800 281.971800
9.347652 916.675200 259.659000
9.364085 937.152000 243.772200
9.380503 934.809600 234.284400
9.396896 932.860800 214.120800
9.413515 926.457600 238.464000
9.429806 1154.563200 193.341600
9.446420 1153.507200 199.049400
9.462771 1333.305600 184.183200
9.479125 1336.454400 224.667000
9.495550 1335.600000 230.067000
9.512031 1359.984000 156.735000
9.528420 1401.724800 115.813800
9.544897 1402.732800 109.868400
9.561245 1350.662400 194.454000
9.578027 1355.865600 177.876000
9.594062 1347.600000 210.583800
9.610741 1287.955200 245.197800
9.627030 1287.100800 257.007600
9.643627 1284.710400 268.423200
9.659760 1330.185600 241.077600
9.676335 1395.436800 326.548800
9.692778 1401.859200 306.892800
9.709087 1545.724800 393.449400
9.725539 1594.531200 400.620600
9.741897 1591.862400 404.773200
9.758493 1605.235200 459.772200
9.774828 1618.041600 472.235400
9.791193 1616.179200 476.058600
9.807645 1590.720000 438.906600
9.824217 1585.324800 437.772600
9.840643 1589.904000 429.791400
9.856930 1564.867200 434.230200
9.873432 1642.080000 422.307000
9.889918 1642.080000 422.307000
9.906396 1582.761600 412.954200
9.922685 1600.771200 421.065000
9.939023 1603.286400 416.140200
9.955627 1365.091200 588.378600
9.972008 1191.139200 730.485000
9.988506 1192.118400 729.718200
10.005031 1162.243200 728.789400
10.021261 1151.500800 740.529000
10.037723 1152.355200 735.226200
10.054198 1133.193600 704.797200
10.070674 1149.158400 713.399400
10.086912 1149.158400 713.399400
10.103397 1156.761600 681.096600
10.119781 1153.536000 718.464600
10.136314 1152.508800 721.423800
10.152595 1157.107200 721.164600
10.169232 1127.270400 740.118600
10.185483 1126.502400 746.371800
10.201997 975.427200 685.049400
10.218450 971.347200 698.722200
10.234761 971.452800 695.341800
10.251414 967.219200 673.336800
10.267632 953.174400 705.736800
10.284104 953.155200 705.623400
10.300528 975.830400 677.953800
10.316983 933.974400 734.259600
10.333504 934.089600 737.332200
10.350054 947.337600 677.602800
10.366319 942.048000 785.143800
10.382917 943.142400 791.013600
10.399172 952.627200 717.903000
10.415516 973.910400 746.890200
10.432018 973.353600 737.310600
10.448571 993.100800 696.740400
10.464773 988.713600 725.398200
10.481255 987.388800 716.320800
10.497676 1092.172800 577.233000
10.514185 1079.913600 628.716600
10.530623 1079.347200 642.956400
10.546872 1096.348800 633.144600
10.563431 1085.712000 699.008400
10.579745 1085.376000 705.672000
10.596251 1077.696000 651.920400
10.612778 1091.558400 636.730200
10.629155 1091.961600 629.353800
10.645502 1093.516800 638.739000
10.662112 1124.908800 652.563000
10.678504 1125.619200 645.575400
10.694952 1086.297600 664.059600
10.711233 1119.283200 596.921400
10.727668 1118.620800 604.389600
10.744188 1111.680000 638.744400
10.760651 1097.155200 614.574000
10.776884 1097.155200 614.574000
10.793407 916.742400 1080.000000
10.810005 802.416000 1080.000000
10.826607 802.416000 1080.000000
10.842730 784.617600 1080.000000
10.859191 805.728000 1080.000000
10.875690 808.320000 1080.000000
10.892114 839.577600 1080.000000
10.908404 773.068800 1080.000000
10.924797 772.012800 1080.000000
10.941378 765.148800 1080.000000
10.957868 780.441600 1080.000000
10.974009 777.571200 1080.000000
10.990549 813.964800 1080.000000
11.006890 773.971200 1080.000000
11.023389 772.233600 1080.000000
11.039882 763.622400 1080.000000
11.056224 809.635200 1080.000000
11.072740 809.683200 1080.000000
11.089125 790.953600 1080.000000
11.105478 812.025600 1080.000000
11.121960 813.657600 1080.000000
11.138256 939.648000 994.172400
11.154922 977.875200 708.528600
11.171211 977.712000 711.730800
11.187703 1004.582400 616.869000
11.204076 997.670400 602.110800
11.220500 998.620800 606.052800
11.237032 1019.836800 549.034200
11.253401 1025.817600 592.687800
11.269815 1025.328000 577.292400
11.286178 997.219200 570.391200
11.302805 1040.572800 511.957800
11.319094 1039.939200 516.353400
11.335518 1015.833600 604.573200
11.351946 1006.483200 627.561000
11.368320 1007.308800 642.259800
11.384775 1044.595200 625.827600
11.401326 1116.307200 686.167200
11.417732 1117.209600 682.662600
11.434074 1150.224000 618.759000
11.450479 1153.036800 573.361200
11.467034 1152.787200 565.704000
11.483433 1102.886400 603.250200
11.499854 1091.414400 646.444800
11.516199 1091.961600 653.292000
11.532678 1102.588800 652.519800
11.549104 1111.056000 669.151800
11.565512 1112.160000 656.159400
11.581936 1123.718400 643.231800
11.598376 1138.195200 619.401600
11.614800 1138.252800 615.956400
11.631187 1171.161600 531.457200
11.647977 1183.536000 551.302200
11.664177 1182.124800 563.009400
11.680621 1173.264000 574.722000
11.696893 1177.804800 574.381800
11.713369 1179.052800 566.524800
11.729814 1174.560000 594.297000
11.746351 1176.643200 569.241000
11.762581 1177.824000 561.735000
11.779043 1179.600000 570.056400
11.795456 1180.857600 544.185000
11.812054 1179.686400 547.948800
11.828366 1142.025600 541.171800
11.844788 1180.147200 561.848400
11.861202 1180.022400 565.833600
11.877554 960.268800 631.065600
11.894010 931.478400 640.035000
11.910564 930.336000 633.015000
11.926861 916.368000 645.181200
