0.000000 25.163342 13.291715
0.016581 19.497106 9.737800
0.032748 9.930729 3.937462
0.049140 -0.019937 -1.902459
0.065607 -5.810210 -5.163073
0.082094 -0.224296 -1.092573
0.098396 -0.069920 0.575966
0.114894 0.531224 1.892382
0.131275 -0.579472 1.843462
0.147836 -2.171477 1.187670
0.164172 -4.244282 0.422603
0.180821 -5.654953 -0.003295
0.197016 -6.017296 0.363814
0.213483 -5.203193 0.991909
0.229828 -3.340922 1.230571
0.246417 -1.743080 0.164088
0.262733 -0.348601 -2.006519
0.279160 -0.548483 -2.666230
0.295588 0.458971 -0.789382
0.312105 0.549713 0.873926
0.328599 -0.251859 1.851694
0.344944 -1.523599 1.602968
0.361427 -2.850173 -0.092550
0.377842 -3.792526 -1.973698
0.394251 -3.660589 -2.835933
0.410518 -2.504205 -2.295766
0.427091 -1.480664 -0.908475
0.443449 -0.465541 -0.618089
0.459982 0.251469 -1.530283
0.476275 0.139521 -1.422761
0.492835 0.038883 -0.957206
0.509227 0.035906 -0.623225
0.525526 0.170532 0.325369
0.542139 0.339835 1.045344
0.558520 0.727646 1.228644
0.574836 0.232425 0.174999
0.591352 -0.220849 -0.597575
0.607777 -1.181768 -1.279814
0.624158 -3.038827 -1.972820
0.640707 -3.923704 -2.179899
0.656973 -3.688891 -1.950188
0.673586 -2.856919 -1.285414
0.689918 -1.758257 -1.123627
0.706199 -0.594587 -0.797896
0.722651 -0.055213 -0.440148
0.739230 0.678911 0.453602
0.755526 0.530163 0.829118
0.772133 0.475697 0.876565
0.788435 0.212066 0.657422
0.804900 0.108030 -0.199721
0.821628 0.175610 -0.915510
0.837709 0.508451 -0.832626
0.854164 0.885456 -0.310690
0.870589 0.849197 0.282149
0.887156 0.495921 1.044600
0.903410 0.400843 0.730379
0.919911 -0.433504 -0.202236
0.936327 -1.641158 -1.455340
0.952864 -1.794758 -2.263598
0.969199 -1.606647 -2.308231
0.985687 -1.184197 -1.559485
1.002049 -0.871038 -0.667007
1.018402 0.599196 -0.022690
1.034910 2.468575 -0.068204
1.051264 3.742396 -0.825216
1.067686 2.987364 -1.522286
1.084105 1.235791 -2.130519
1.100608 0.374338 -2.570853
1.116983 -0.799658 -3.000909
1.133590 -1.331410 -3.117973
1.149837 -0.975721 -2.751321
1.166390 0.220207 -1.769652
1.182780 1.079677 -0.204962
1.199174 0.614768 1.558578
1.215605 -0.580581 2.684662
1.231979 -1.221904 3.219593
1.248441 -1.108800 2.870184
1.264974 -1.128342 1.952474
1.281276 -0.669494 0.819039
1.297817 0.046675 0.099729
1.314203 0.794871 -0.442978
1.330583 0.217651 -0.265411
1.347098 0.933870 -0.054323
1.363512 2.154811 0.068573
1.379818 2.968533 0.159804
1.396244 3.080438 -0.403451
1.412832 2.971601 -1.083093
1.429211 2.014829 -1.670583
1.445525 0.824634 -1.885547
1.462077 -0.286268 -1.612461
1.478505 -0.731748 -1.080094
1.494959 0.669181 -0.576602
1.511410 0.710827 0.206125
1.527739 1.091515 0.428834
1.544240 0.993236 0.383071
1.560614 0.815302 0.193746
1.576981 0.444666 -0.139168
1.593541 0.153730 -0.223367
1.609900 -0.263500 -0.289724
1.626228 -2.134314 -0.478185
1.642703 -0.534728 -0.275119
1.659084 2.524586 0.215599
1.675708 5.369389 0.909906
1.691992 6.929548 1.396263
1.708429 7.306048 1.380639
1.724892 5.814412 0.840158
1.741275 3.438052 -0.091093
1.757714 0.404096 -1.091145
1.774315 -1.478879 -1.459603
1.790690 -0.266337 -1.575691
1.806932 -0.410850 -1.443383
1.823491 -0.436072 -1.242214
1.839900 -0.717062 -0.836912
1.856415 -0.476476 -0.306584
1.872600 0.206262 -0.158336
1.889074 0.426009 0.196320
1.905610 0.155747 0.370918
1.922130 -0.252434 0.493848
1.938752 0.217239 -0.006842
1.954895 0.679864 0.008626
1.971358 0.835644 0.663156
1.987695 0.999544 1.007133
2.004126 1.463258 1.188673
2.020574 1.309990 1.168292
2.037131 0.797790 1.266877
2.053589 0.386844 0.938917
2.069872 -0.160716 0.419226
2.086276 -0.166996 -0.197867
2.102727 -0.568460 -0.244768
2.119235 -0.445744 -0.245020
2.135581 0.602004 -0.600143
2.151960 0.088119 -0.665577
2.168527 -0.880300 -0.900866
2.184853 -2.518574 -0.908780
2.201843 -3.670674 -0.784461
2.217718 -3.733628 -0.691762
2.234391 -2.817494 -0.038911
2.250528 -1.086976 0.243254
2.266955 0.927859 0.084753
2.283463 1.219509 -0.365019
2.299945 0.294194 -0.627259
2.316233 0.113277 -0.224379
2.332784 -0.707260 0.313949
2.349233 0.017013 0.784515
2.365526 0.682485 0.915244
2.382246 1.749734 0.940051
2.398423 2.884387 0.535942
2.415018 3.163005 0.397960
2.431224 2.796140 0.713553
2.447706 2.637890 0.803579
2.464059 1.803143 0.522794
2.480503 0.603626 -0.472426
2.496982 0.266098 -0.897142
2.513356 -0.400485 -0.433012
2.529987 -0.263194 0.482324
2.546314 -0.062052 1.166643
2.562818 -1.060022 0.887731
2.579255 0.275023 0.224637
2.595561 2.517066 -0.960914
2.612056 4.677003 -1.719712
2.628424 5.996591 -2.231935
2.644751 6.178884 -1.405656
2.661401 4.826457 -0.229193
2.677611 2.689332 0.373932
2.694115 0.092277 0.568022
2.710602 -1.718188 0.430042
2.727086 -0.526085 0.636160
2.743485 -0.046994 0.446868
2.759851 0.303466 0.025395
2.776378 0.735511 -0.718596
2.792655 0.772166 -0.937948
2.809065 0.749074 -1.222601
2.825483 0.507229 -1.531589
2.842081 -0.133230 -1.096006
2.858444 -1.518886 0.008225
2.874921 -0.878086 0.430194
2.891370 0.833571 0.398509
2.907788 3.056740 -0.110754
2.924167 4.386548 -0.230770
2.940488 4.713528 -0.022067
2.957119 3.916981 0.469180
2.973579 2.162488 1.333622
2.989963 -0.102138 2.384176
3.006411 -1.706802 3.145115
3.022842 -1.078339 2.396938
3.039088 -1.036285 1.816054
3.055541 -1.301393 0.648297
3.071981 -0.949621 -0.335195
3.088499 -0.405757 -0.305600
3.104746 0.086023 -1.012505
3.121327 0.073665 1.319653
3.137816 -0.583769 4.907077
3.154230 -1.263649 8.276271
3.170526 -1.698479 8.794553
3.187177 -1.923660 7.658650
3.203322 -1.377155 4.708661
3.219788 -0.556280 1.759332
3.236258 -0.351195 -0.490169
3.252719 -0.238360 -1.943771
3.269025 -0.302722 -0.324071
3.285615 -0.199454 0.542162
3.301929 0.420234 1.639640
3.318517 0.656046 0.651127
3.335012 -0.011698 -0.185931
3.351279 -1.059300 -0.923312
3.367681 -2.108990 -1.717695
3.384131 -2.455627 -2.375349
3.400653 -1.950320 -2.448446
3.417112 -0.781648 -2.230503
3.433396 0.184640 -1.279609
3.449930 0.752616 -0.732451
3.466310 0.332573 -0.895908
3.482647 -0.065054 -0.127960
3.499320 -0.065558 0.245150
3.515659 0.029824 0.750828
3.532112 0.279172 0.911569
3.548507 0.288900 0.429796
3.564944 0.260998 -0.051432
3.581230 0.224539 0.232632
3.597761 0.122708 -0.852934
3.614067 0.478770 0.902189
3.630682 0.422944 3.919401
3.646914 0.146583 6.567260
3.663345 -0.435190 8.187948
3.679975 -1.108644 7.767252
3.696190 -1.946537 6.479593
3.712761 -1.530336 3.686739
3.729134 -1.100432 1.114947
3.745708 -0.637042 -0.448933
3.762065 0.174848 0.864020
3.778360 0.243671 0.828349
3.794830 0.290127 0.735395
3.811392 -0.271635 0.721797
3.827789 -0.381852 0.311364
3.844036 -0.116898 -0.384514
3.860488 0.597141 -0.722186
3.877199 0.507622 -0.418833
3.893328 -0.552379 -0.480065
3.909785 0.801216 -0.966973
3.926217 2.453862 -0.817076
3.942725 4.187875 -0.320317
3.959081 4.640131 0.127301
3.975556 4.554873 0.460854
3.992105 3.196628 0.890705
4.008434 1.786136 1.024786
4.024794 -0.077224 0.271488
4.041234 -1.317344 -0.412518
4.057811 0.097057 -0.918820
4.074192 0.059540 -0.796468
4.090507 -0.166892 -1.016289
4.106965 -0.465493 -0.862768
4.123438 -0.034212 -0.308773
4.139968 0.126608 0.416365
4.156161 0.775416 0.738451
4.172778 0.487841 0.974107
4.189142 0.570162 1.094525
4.205593 0.519086 0.654489
4.221923 -0.212829 0.136735
4.238359 -1.109762 0.212772
4.254901 -0.939232 -0.119398
4.271219 -0.323523 -0.690811
4.287650 0.348838 -1.187595
4.304300 1.546829 -1.636927
4.320615 1.616232 -1.501607
4.337143 1.080327 -1.001415
4.353692 0.372362 -0.756546
4.369983 -0.158896 -0.085475
4.386158 -0.147914 0.261238
4.402726 -0.028568 0.165038
4.419196 -0.079009 0.378469
4.435632 0.246458 0.243696
4.451919 0.384791 0.138451
4.468411 -0.127526 0.237233
4.485070 -0.291246 0.327689
4.501207 0.038666 -0.096301
4.517719 -0.137588 -0.147773
4.534115 -0.487957 -0.207807
4.550701 -0.830685 -0.328358
4.566854 -0.453265 -0.635527
4.583335 0.085601 -0.457113
4.599821 -0.348087 -0.286128
4.616290 -0.548901 -0.645581
4.632777 -0.608287 -1.314324
4.649120 -0.717936 -1.632568
4.665639 -0.743529 -1.410711
4.681868 -0.436884 -1.102470
4.698532 0.086391 -0.634727
4.714734 0.672327 0.110336
4.731444 1.246192 0.593553
4.747660 0.495468 0.820231
4.764096 0.267283 0.551704
4.780546 -0.034521 0.044351
4.796861 -0.440619 0.012381
4.813438 -0.326092 -0.430980
4.829838 -0.018700 -0.558302
4.846255 0.375192 -0.406163
4.862846 0.289026 -0.032549
4.879019 0.681688 0.136560
4.895461 0.730148 0.590318
4.912148 -3.280371 1.019419
4.928475 -7.309403 1.790355
4.944978 -12.732227 2.319916
4.961183 -16.327768 2.398839
4.977739 -16.930839 2.292731
4.994071 -14.406113 1.625053
5.010454 -9.542058 0.890324
5.026984 -3.917062 0.209000
5.043482 -0.995279 0.062693
5.059861 -0.797023 -0.216517
5.076439 0.536290 -0.597591
5.092672 -0.513901 -1.025196
5.109179 0.045863 -0.727521
5.125501 0.555530 -0.555615
5.141956 0.675606 0.165615
5.158478 0.609966 0.786128
5.174786 0.511821 0.944937
5.191286 0.305797 1.048072
5.207609 0.110297 0.744163
5.224061 -0.085150 0.222017
5.240479 -0.086708 -0.169542
5.257012 -0.058642 -0.209370
5.273447 0.038453 -0.374069
5.289922 -0.882789 0.530771
5.306225 -0.439113 -0.395528
5.322661 0.535405 -0.847012
5.339165 1.624251 -2.243516
5.355874 2.801917 -3.952346
5.372044 3.410442 -4.831477
5.388330 3.322969 -4.697591
5.404783 2.570541 -3.862220
5.421165 0.386505 -1.997876
5.437763 -1.561624 -0.914334
5.454066 1.832179 -1.867537
5.470482 4.907920 -2.476268
5.487044 9.381949 -3.552764
5.503267 12.676820 -3.076709
5.519757 13.064094 -1.855028
5.536400 11.047040 -0.653856
5.552902 7.043728 0.444805
5.569191 2.776627 0.789945
5.585497 0.976934 -0.196882
5.601974 0.880738 -0.852689
5.618341 -0.416881 -0.726865
5.634824 -0.061504 -0.385853
5.651189 -0.687890 0.181939
5.667692 -0.839147 0.703352
5.684049 -1.210357 0.892508
5.700549 -0.899351 0.902059
5.717091 0.309583 0.402369
5.733392 0.438160 0.157678
5.749988 0.350017 -0.003148
5.766344 0.156260 0.094397
5.782596 0.408337 -0.686497
5.799183 0.131049 -0.812592
5.815499 -1.091492 -2.607448
5.831919 -1.047787 -0.635629
5.848438 0.903171 2.634317
5.864752 2.649215 5.760139
5.881235 2.448409 8.102499
5.897664 2.597226 8.168986
5.914045 1.822246 6.261709
5.930534 1.429702 2.599030
5.947030 -0.297673 -0.021203
5.963371 -1.585457 -1.098448
5.979927 -0.749153 0.870366
5.996144 -0.529940 0.559319
6.012603 -0.819206 0.176607
6.029097 -0.294254 -1.032584
6.045501 -0.265978 -0.932270
6.061921 0.834684 -0.046964
6.078355 -1.311044 1.852265
6.094910 -6.489018 3.844240
6.111206 -10.979594 4.730856
6.127724 -12.103241 4.152716
6.144329 -11.378919 2.838054
6.160632 -8.210530 1.086103
6.177025 -3.878558 -0.226627
6.193370 -0.755507 -0.006139
6.209753 1.712876 -0.320857
6.226370 0.327335 0.000000
6.242879 -0.115338 0.000000
6.259131 0.150214 0.000000
6.275484 0.874785 0.000000
6.291993 0.076109 0.000000
6.308309 -0.635616 0.000000
6.324787 -1.080251 0.000000
6.341233 -0.977683 0.000000
6.357864 -0.425508 0.000000
6.374132 -0.155425 0.000000
6.390568 0.038144 0.000000
6.407031 0.423582 0.000000
6.423364 -0.066735 0.000000
6.439796 -0.395820 0.000000
6.456137 1.216606 0.000000
6.472659 0.289343 0.674050
6.489113 -1.265035 0.013481
6.505564 -2.842036 -0.885549
6.521983 -4.410222 -2.195057
6.538292 -4.258267 -3.516461
6.554711 -3.230027 -4.274245
6.571193 -0.938617 -3.889537
6.587711 1.278175 -2.726467
6.604198 1.330344 -1.319925
6.620440 -0.634721 0.082650
6.637016 -0.786623 0.019201
6.653376 -1.172903 0.224451
6.669732 -0.722969 -0.227102
6.686110 -0.205147 -0.460087
6.702741 -0.135452 -0.205176
6.719089 -0.406495 -0.232930
6.735434 -1.331926 -0.251354
6.752025 -0.825963 -0.071964
6.768464 -0.534885 0.412645
6.784871 -1.369299 0.210567
6.801282 -2.543296 -0.377770
6.817716 -2.441664 -0.067516
6.834209 -2.219970 0.446090
6.850503 -0.629904 1.059074
6.866915 0.410380 0.987269
6.883659 1.344167 1.227298
6.899886 0.294536 1.063442
6.916215 -1.724931 0.151341
6.932606 0.929690 -0.584074
6.949117 4.865308 -0.583475
6.965508 10.391041 0.439846
6.981871 20.782339 5.231517
6.998302 14.921208 0.550925
7.014922 0.123505 -8.188492
7.031138 -15.677336 -16.220637
7.047702 -27.338738 -21.171554
