0.000000 959.414400 636.568200
0.016635 957.590400 626.691600
0.032984 962.860800 668.860200
0.049450 943.363200 641.941200
0.065750 943.382400 642.065400
0.082252 909.360000 557.382600
0.098613 915.504000 592.552800
0.115058 916.627200 596.170800
0.131427 954.192000 603.898200
0.148043 886.022400 592.455600
0.164452 884.678400 588.416400
0.180756 923.904000 559.510200
0.197145 889.046400 545.475600
0.213807 889.065600 545.616000
0.229977 868.089600 605.318400
0.246578 853.977600 622.112400
0.262983 855.859200 629.364600
0.279423 879.014400 606.160800
0.295696 897.907200 539.870400
0.312146 899.433600 548.191800
0.328905 894.096000 600.944400
0.345050 993.888000 722.865600
0.361451 993.465600 713.113200
0.377816 984.009600 741.700800
0.394345 957.024000 813.715200
0.410725 955.209600 803.093400
0.427326 947.337600 700.909200
0.443724 1001.068800 710.440200
0.460078 1000.780800 713.890800
0.476520 943.411200 735.042600
0.492983 966.960000 813.326400
0.509379 967.718400 815.913000
0.525784 1024.089600 768.501000
0.542197 984.460800 806.074200
0.558578 983.817600 800.701200
0.575123 1023.120000 771.017400
0.591392 1029.772800 734.448600
0.607944 1029.168000 737.434800
0.624309 1033.651200 776.233800
0.640872 1036.944000 790.403400
0.657096 1037.059200 795.976200
0.673613 1032.681600 787.066200
0.690378 996.297600 810.475200
0.706564 996.403200 808.012800
0.723043 1017.427200 802.558800
0.739296 976.704000 812.959200
0.755690 976.713600 815.491800
0.772166 1034.438400 833.203800
0.788655 1018.790400 767.156400
0.805083 1018.963200 775.591200
0.821583 1025.040000 787.411800
0.838028 1015.660800 806.090400
0.854333 1015.737600 802.942200
0.870827 1008.652800 861.942600
0.887316 978.537600 836.784000
0.903626 977.913600 832.264200
0.920026 966.816000 836.222400
0.936403 999.897600 835.828200
0.953025 1000.396800 840.947400
0.969247 829.113600 913.183200
0.985680 677.241600 982.821600
1.002266 681.014400 986.634000
1.018640 663.724800 982.346400
1.034931 728.217600 979.371000
1.051420 727.248000 977.475600
1.067898 656.371200 982.967400
1.084322 738.009600 945.783000
1.100660 731.750400 937.477800
1.117108 641.808000 926.299800
1.133501 647.827200 966.627000
1.150117 651.100800 969.829200
1.166423 711.417600 988.583400
1.182984 710.140800 967.831200
1.199280 714.662400 973.873800
1.215762 674.438400 970.088400
1.232178 731.337600 992.406600
1.248559 728.630400 989.285400
1.264936 732.700800 815.697000
1.281534 685.296000 827.755200
1.297925 681.715200 822.468600
1.314328 691.372800 879.168600
1.330807 685.027200 884.206800
1.347324 691.641600 892.873800
1.363586 737.203200 825.444000
1.380054 714.240000 847.470600
1.396591 720.691200 857.374200
1.412972 758.256000 882.727200
1.429473 931.440000 704.176200
1.445866 930.374400 698.225400
1.462063 1024.281600 705.331800
1.478614 1054.089600 693.932400
1.495091 1054.118400 688.062600
1.511383 1056.940800 735.712200
1.528048 1003.872000 681.625800
1.544348 1003.872000 681.625800
1.560749 1015.785600 688.505400
1.577119 1042.435200 701.033400
1.593764 1041.964800 703.873800
1.609969 1063.987200 740.075400
1.626525 1059.513600 699.294600
1.642972 1059.974400 702.280800
1.659354 811.324800 1080.000000
1.675717 730.656000 1080.000000
1.692303 726.422400 1080.000000
1.708501 735.052800 1080.000000
1.725080 682.243200 1080.000000
1.741504 679.632000 1080.000000
1.758009 729.225600 1080.000000
1.774189 733.824000 1080.000000
1.790859 736.176000 1080.000000
1.807178 710.572800 1080.000000
1.823633 656.937600 1080.000000
1.839993 654.384000 1080.000000
1.856553 668.764800 1080.000000
1.873069 679.891200 1080.000000
1.889319 682.377600 1080.000000
1.905870 699.120000 1080.000000
1.922087 686.025600 1080.000000
1.938588 685.065600 1080.000000
1.955048 660.633600 1080.000000
1.971425 669.840000 1080.000000
1.988038 674.908800 1080.000000
2.004362 678.614400 1080.000000
2.020702 697.219200 1080.000000
2.037119 694.646400 1080.000000
2.053500 736.771200 1080.000000
2.070006 614.947200 1080.000000
2.086457 615.024000 1080.000000
2.102897 542.755200 1080.000000
2.119388 515.280000 1080.000000
2.135704 510.566400 1080.000000
2.152130 535.372800 1080.000000
2.168731 495.129600 1080.000000
2.185139 500.908800 1080.000000
2.201376 496.579200 1080.000000
2.217866 534.249600 1080.000000
2.234361 535.958400 1080.000000
2.250691 562.204800 1080.000000
2.267045 577.814400 1080.000000
2.283540 580.540800 1080.000000
2.300008 445.392000 1080.000000
2.316762 487.939200 1080.000000
2.332828 476.697600 1080.000000
2.349436 415.574400 1080.000000
2.365821 398.860800 1080.000000
2.382108 392.217600 1080.000000
2.398615 436.944000 1080.000000
2.415044 435.964800 1080.000000
2.431418 444.288000 1080.000000
2.448001 485.308800 1080.000000
2.464302 484.435200 1080.000000
2.480759 498.912000 1080.000000
2.497117 474.576000 1080.000000
2.513653 451.420800 1080.000000
2.530039 443.068800 1080.000000
2.546503 509.414400 1080.000000
2.562826 549.446400 1080.000000
2.579198 534.412800 1080.000000
2.595753 466.569600 1080.000000
2.612086 502.608000 1080.000000
2.628787 504.528000 1080.000000
2.644895 487.574400 1080.000000
2.661331 505.315200 1080.000000
2.677984 514.704000 1080.000000
2.694228 516.508800 1080.000000
2.710698 536.476800 1080.000000
2.727231 525.763200 1080.000000
2.743606 429.388800 1080.000000
2.759888 481.152000 1080.000000
2.776337 485.299200 1080.000000
2.792863 510.432000 1080.000000
2.809326 527.116800 1080.000000
2.825754 538.992000 1080.000000
2.842162 521.990400 1080.000000
2.858612 636.950400 1080.000000
2.875005 633.916800 1080.000000
2.891330 651.974400 1080.000000
2.907929 649.372800 1080.000000
2.924166 652.070400 1080.000000
2.940714 709.161600 1080.000000
2.957111 627.004800 1080.000000
2.973681 618.700800 1080.000000
2.990080 636.230400 1080.000000
3.006442 627.283200 1080.000000
3.022891 629.136000 1080.000000
3.039238 620.198400 1080.000000
3.055707 634.396800 1080.000000
3.072104 638.812800 1080.000000
3.088667 683.635200 1080.000000
3.104881 880.243200 1080.000000
3.121432 878.409600 1080.000000
3.137860 814.646400 1080.000000
3.154326 878.400000 1080.000000
3.170672 878.400000 1080.000000
3.187057 867.955200 1080.000000
3.203554 830.966400 1080.000000
3.219979 830.256000 1080.000000
3.236503 613.209600 1080.000000
3.252989 624.134400 1080.000000
3.269183 617.011200 1080.000000
3.285762 589.555200 1080.000000
3.302073 593.385600 1080.000000
3.318557 598.070400 1080.000000
3.335079 595.478400 1080.000000
3.351414 568.214400 1080.000000
3.367777 577.363200 1080.000000
3.384315 801.916800 1080.000000
3.663541 805.833600 1080.000000
3.680008 1156.502400 508.512600
3.696357 1168.617600 541.981800
3.713007 1170.825600 523.184400
3.729354 1183.641600 496.530000
3.745743 1171.910400 510.877800
3.762210 1169.596800 527.412600
3.778492 1159.699200 521.548200
3.794950 1189.449600 524.242800
3.811272 1190.467200 519.744600
3.827986 1171.142400 566.065800
3.844176 1194.124800 550.157400
3.860701 1196.870400 534.432600
3.877193 1183.372800 513.205200
3.893530 1203.772800 493.835400
3.910082 1201.353600 506.152800
3.926322 1157.337600 530.971200
3.942832 1143.196800 533.120400
3.959318 1142.275200 541.485000
3.975746 1174.732800 564.343200
3.992120 1198.944000 540.961200
4.008522 1196.659200 551.415600
4.025047 1206.297600 565.358400
4.041345 1194.499200 586.337400
4.057899 1192.665600 598.174200
4.074363 1156.550400 615.713400
4.090698 1188.614400 595.269000
4.107200 1193.702400 569.478600
4.123480 1171.651200 558.397800
4.140079 1154.486400 553.537800
4.156346 1154.620800 549.892800
4.172785 1225.891200 558.743400
4.189574 1228.876800 579.555000
4.205701 1228.406400 583.383600
4.222247 1224.979200 601.068600
