0.000000 1197.331200 858.497400
0.016340 1227.792000 870.366600
0.032753 1229.587200 865.387800
0.049194 1178.448000 786.121200
0.065667 1254.096000 814.514400
0.082029 1253.376000 817.252200
0.098393 1205.980800 862.002000
0.114968 1210.368000 867.763800
0.131193 1210.166400 868.401000
0.147699 1228.214400 857.676600
0.164256 1195.305600 904.024800
0.180600 1195.305600 904.024800
0.196937 1412.918400 822.722400
0.213517 1447.939200 867.310200
0.229889 1447.939200 867.310200
0.246193 1483.497600 848.075400
0.262666 1470.729600 885.421800
0.279215 1470.729600 885.421800
0.295775 1498.166400 903.501000
0.312051 1424.620800 891.432000
0.328397 1424.620800 891.432000
0.344873 1426.627200 894.294000
0.361214 1399.353600 930.409200
0.377708 1399.353600 930.409200
0.394302 1393.756800 897.069600
0.410677 1420.320000 892.198800
0.427008 1420.320000 892.198800
0.443428 1446.816000 892.560600
0.459783 1444.454400 919.144800
0.476239 1444.454400 919.144800
0.492757 1358.582400 919.468800
0.509123 1010.332800 1017.570600
0.525708 1010.688000 1020.540600
0.542089 696.998400 918.388800
0.558455 711.849600 924.053400
0.574963 714.873600 927.963000
0.591195 671.049600 945.189000
0.607733 692.169600 983.928600
0.624159 685.142400 976.557600
0.640552 659.587200 926.370000
0.656960 666.614400 908.652600
0.673487 663.350400 904.786200
0.690026 662.054400 940.685400
0.706180 656.745600 944.497800
0.722609 656.745600 944.497800
0.739188 659.356800 917.535600
0.755592 675.513600 954.698400
0.772180 675.513600 954.698400
0.788493 691.555200 930.528000
0.804839 705.580800 933.492600
0.821406 709.046400 937.801800
0.837718 592.060800 946.738800
0.854138 616.569600 928.324800
0.870571 620.352000 932.110200
0.887051 595.392000 931.419000
0.903466 607.622400 962.026200
0.919779 607.622400 962.026200
0.936278 469.507200 447.039000
0.952650 486.566400 460.976400
0.969150 479.116800 448.108200
0.985588 500.582400 406.414800
1.001937 473.769600 400.739400
1.018426 470.793600 395.901000
1.034856 500.947200 384.879600
1.051388 527.664000 406.247400
1.067659 525.436800 401.392800
1.084104 502.905600 385.603200
1.100511 458.956800 404.022600
1.116887 450.211200 390.036600
1.133479 474.816000 404.886600
1.149934 509.097600 401.236200
1.166170 523.670400 428.209200
1.182609 510.019200 454.971600
1.199039 555.494400 480.389400
1.215517 560.505600 489.623400
1.232078 468.086400 392.045400
1.248317 507.177600 397.051200
1.264787 502.531200 388.432800
1.281407 443.539200 391.208400
1.297712 425.318400 394.929000
1.314270 425.318400 394.929000
1.330542 396.873600 365.693400
1.347083 423.427200 374.576400
1.363290 425.788800 377.821800
1.379796 445.440000 361.260000
1.396263 444.768000 357.852600
1.412601 443.808000 356.184000
1.429104 490.166400 376.704000
1.445507 486.316800 384.993000
1.461971 488.755200 390.214800
1.478320 466.742400 412.938000
1.495180 479.731200 446.401800
1.511292 480.643200 447.951600
1.527790 471.340800 350.940600
1.544126 456.969600 331.198200
1.560610 451.900800 321.975000
1.577094 464.227200 320.608800
1.593402 442.416000 318.621600
1.609815 447.580800 327.882600
1.626254 477.600000 366.940800
1.642611 461.452800 358.846200
1.659136 466.579200 367.977600
1.675529 486.633600 370.207800
1.691955 462.796800 409.665600
1.708547 460.118400 404.438400
1.724779 477.686400 331.716600
1.741184 433.708800 387.352800
1.757853 418.598400 363.436200
1.774079 448.377600 321.602400
1.790669 418.166400 333.919800
1.806902 421.603200 339.066000
1.823627 537.772800 374.873400
1.839782 497.280000 392.083200
1.856354 501.840000 400.410000
1.872801 492.547200 401.965200
1.889177 548.860800 440.661600
1.905431 541.910400 428.058000
1.921903 520.012800 409.665600
1.938359 501.609600 362.172600
1.954760 494.880000 348.559200
1.971177 515.913600 358.457400
1.987653 529.929600 352.134000
2.004213 532.176000 357.064200
2.020515 480.633600 373.269600
2.037172 526.464000 373.885200
2.053562 534.614400 388.832400
2.069710 581.174400 369.360000
2.086227 544.444800 380.673000
2.102585 536.745600 365.828400
2.119122 542.342400 369.829800
2.135620 605.904000 418.370400
2.152136 610.185600 427.831200
2.168489 589.689600 446.882400
2.184843 570.096000 436.001400
2.201234 574.800000 445.440600
2.217754 630.048000 466.981200
2.234026 604.300800 457.677000
2.250576 604.300800 457.677000
2.266927 565.862400 419.736600
2.283264 568.752000 442.011600
2.299695 568.752000 442.011600
2.316361 569.020800 477.403200
2.332674 587.280000 440.116200
2.349186 587.280000 440.116200
2.365472 671.587200 409.644000
2.661299 1055.270400 636.179400
2.677864 1065.830400 639.943200
2.694036 1062.585600 644.247000
2.710739 1405.987200 864.102600
2.727007 1406.198400 917.665200
2.743545 1417.632000 903.042000
2.759911 1397.366400 883.170000
2.776172 1438.339200 847.573200
2.792839 1441.507200 843.399000
2.809109 1452.336000 921.931200
2.825426 1470.451200 887.068800
2.842071 1464.172800 893.656800
2.858331 1407.273600 878.002200
2.874876 1405.411200 904.516200
2.891209 1400.736000 910.969200
2.907618 1403.712000 930.312000
2.923999 1423.334400 893.764800
2.940586 1429.056000 887.031000
2.956925 1428.403200 853.642800
2.973523 1425.446400 916.115400
2.989881 1428.499200 911.682000
3.006390 1455.043200 867.051000
3.022664 1422.777600 873.968400
3.039108 1417.728000 880.853400
3.055415 1431.504000 937.893600
3.072028 1411.862400 917.724600
3.088377 1413.043200 915.904800
3.104799 1444.224000 857.217600
3.121238 1400.236800 907.707600
3.137586 1399.027200 909.532800
3.154417 1444.492800 909.808200
3.170527 1442.092800 908.560800
3.187076 1444.147200 906.535800
3.203392 1022.016000 1080.000000
3.219745 949.488000 1080.000000
3.236323 950.035200 1080.000000
3.252605 971.212800 1080.000000
3.269075 982.800000 1080.000000
3.285725 984.470400 1080.000000
3.301946 933.984000 1080.000000
3.318426 950.812800 1080.000000
3.334790 946.992000 1080.000000
3.351356 1022.736000 1080.000000
3.367607 947.280000 1080.000000
3.384020 947.308800 1080.000000
3.400610 976.377600 1080.000000
3.416876 968.438400 1080.000000
3.433346 970.060800 1080.000000
3.449955 968.390400 1080.000000
3.466310 981.888000 1080.000000
3.482797 983.232000 1080.000000
3.498978 962.870400 1080.000000
3.515470 990.921600 1080.000000
3.532001 989.980800 1080.000000
3.548357 933.360000 1080.000000
3.564790 975.753600 1080.000000
3.581129 975.062400 1080.000000
3.597680 937.766400 1080.000000
3.614043 888.518400 1080.000000
3.630484 888.518400 1080.000000
3.646975 869.443200 1080.000000
3.663404 935.107200 1080.000000
3.679754 936.355200 1080.000000
3.696255 875.510400 1080.000000
3.712575 807.158400 1080.000000
3.729169 808.396800 1080.000000
3.745459 838.118400 1080.000000
3.761928 843.696000 1080.000000
3.778273 839.798400 1080.000000
3.794908 787.987200 1080.000000
3.811222 800.899200 1080.000000
3.827627 801.302400 1080.000000
3.844077 852.931200 1080.000000
3.860481 811.526400 1080.000000
3.876898 810.614400 1080.000000
3.893262 807.840000 1080.000000
3.909926 821.654400 1080.000000
3.926229 817.651200 1080.000000
3.942639 1190.044800 1080.000000
3.959145 1371.417600 955.627200
3.975454 1368.288000 959.542200
3.991979 1428.240000 867.699000
4.008336 1454.976000 830.255400
4.024820 1452.720000 832.690800
4.041221 1391.049600 895.579200
4.057791 1398.489600 898.057800
4.074121 1397.366400 900.088200
4.090479 1408.272000 851.277600
4.106995 1404.796800 849.166200
4.123272 1405.900800 847.049400
4.139690 1429.392000 908.334000
4.156164 1404.864000 901.486800
4.172806 1400.428800 907.826400
4.189052 1403.712000 895.368600
4.205559 1480.780800 910.407600
4.222004 1487.280000 903.706200
4.238348 1447.996800 871.527600
4.254767 1434.326400 882.203400
4.271181 1439.299200 875.415600
4.287632 1480.560000 864.615600
4.304235 1440.182400 876.085200
4.320513 1432.646400 885.389400
4.337003 1441.536000 904.257000
4.353385 1483.094400 928.843200
4.370116 1483.094400 928.843200
4.386207 1201.891200 902.842200
4.402530 837.984000 912.362400
4.419118 837.696000 909.954000
4.435527 693.206400 922.800600
4.452003 699.033600 935.739000
4.468401 700.051200 937.575000
4.484876 724.022400 977.173200
4.501301 700.156800 981.790200
4.517637 702.499200 983.696400
4.534055 695.952000 978.636600
4.550619 717.667200 979.446600
4.566928 712.012800 973.841400
4.583288 708.000000 959.137200
4.599827 743.577600 965.341800
4.616209 744.345600 967.237200
4.632605 711.724800 952.165800
4.649023 712.137600 974.111400
4.665411 714.105600 975.807000
4.682039 576.096000 888.046200
4.698388 625.353600 910.402200
4.714877 624.211200 908.598600
4.731238 641.971200 974.316600
4.747671 619.200000 940.291200
4.764244 622.752000 943.763400
4.780720 630.451200 906.255000
4.796878 629.664000 966.600000
4.813294 633.283200 969.985800
4.829953 625.344000 751.771800
4.846289 579.196800 452.169000
4.862674 570.566400 434.867400
4.878991 526.377600 368.949600
4.895544 519.340800 368.593200
4.911839 517.180800 365.180400
4.928323 477.744000 373.804200
4.944896 566.016000 337.359600
4.961199 575.443200 358.155000
4.977523 540.000000 418.332600
4.994352 508.492800 378.037800
5.010487 515.059200 391.262400
5.026835 540.403200 430.671600
5.043325 563.318400 471.479400
5.059858 563.769600 470.529000
5.076232 438.067200 430.952400
5.092659 420.508800 401.349600
5.109116 411.590400 387.763200
5.125589 434.985600 393.325200
5.141845 429.676800 429.013800
5.158252 438.672000 442.146600
5.174921 444.499200 418.062600
5.191103 424.752000 382.093200
5.207586 418.406400 371.687400
5.224081 479.587200 397.121400
5.240536 820.195200 585.208800
5.257013 819.283200 586.094400
5.273252 1445.827200 849.641400
5.289764 1434.144000 875.124000
5.306230 1431.715200 879.303600
5.322684 1459.152000 862.396200
5.339171 1482.710400 871.673400
5.355392 1495.488000 857.293200
5.371907 1486.358400 836.740800
5.388515 1474.156800 820.962000
5.404837 1471.536000 823.764600
5.421106 1495.545600 844.236000
5.437723 1485.129600 864.550800
5.454116 1472.457600 878.893200
5.470427 1460.332800 866.521800
5.486963 1452.220800 878.499000
5.503339 1453.660800 876.457800
5.519855 1469.673600 852.033600
5.536120 1456.665600 864.853200
5.552670 1462.934400 857.563200
5.569104 1500.624000 896.227200
5.585435 1516.377600 910.002600
5.601854 1517.971200 908.274600
5.618247 1543.526400 885.540600
5.634655 1524.355200 912.535200
5.651115 1515.254400 921.051000
5.667536 1536.460800 902.048400
5.684170 1542.144000 911.773800
5.700597 1550.083200 904.753800
5.716972 1513.334400 928.800000
5.733336 1512.153600 919.042200
5.749722 1515.254400 916.331400
5.766350 1385.078400 778.982400
5.782576 964.819200 530.274600
5.799108 965.577600 541.776600
5.815639 394.761600 346.410000
5.831983 378.844800 361.211400
5.848260 376.982400 357.161400
5.864806 363.609600 351.631800
5.881285 347.500800 330.210000
5.897823 340.569600 319.523400
5.914056 345.148800 308.286000
5.930369 386.668800 316.467000
5.946973 386.668800 316.467000
5.963311 345.696000 332.726400
5.979773 333.177600 307.983600
5.996160 333.100800 309.387600
6.012710 366.547200 322.428600
6.029339 371.472000 331.743600
6.045376 384.192000 352.053000
6.061852 388.156800 378.707400
6.078226 426.566400 426.000600
6.094793 424.272000 421.426800
6.111151 459.878400 379.414800
6.127594 449.942400 358.965000
6.143982 449.856000 358.808400
6.160458 461.059200 352.846800
6.176863 455.654400 355.622400
6.193383 449.635200 344.935800
6.209646 427.622400 260.712000
6.226314 454.713600 324.653400
6.242500 454.713600 324.653400
6.259120 420.288000 347.754600
6.275332 455.625600 307.692000
6.291880 461.568000 318.772800
6.308407 489.734400 394.367400
6.324676 476.505600 384.631200
6.341236 471.600000 375.894000
6.357589 488.851200 392.504400
6.374022 489.148800 422.728200
6.390519 493.900800 431.044200
