0.000000 17.272989 10.147058
0.016375 13.163018 8.365920
0.032822 6.036017 3.976138
0.049194 -0.865250 -0.097280
0.065643 -4.769225 -2.627141
0.082098 -1.403430 -1.421530
0.098527 -1.071887 -0.411211
0.114953 0.427972 0.089545
0.131425 1.650989 -0.135350
0.147803 1.278498 0.192152
0.164189 1.036225 -0.930404
0.180679 0.814584 -1.491865
0.197133 0.525278 -1.254188
0.213467 -0.371163 -0.402561
0.229953 -0.599604 1.192021
0.246382 -0.483719 1.785385
0.262818 -0.384085 2.253361
0.279247 -1.349973 1.695488
0.295668 -1.286182 2.922781
0.312079 0.282106 1.688199
0.328576 2.009189 0.566818
0.344928 3.394579 0.562237
0.361430 3.652959 0.474819
0.377882 2.622381 -0.747412
0.394190 1.010440 -1.989550
0.410642 -0.625333 -1.945946
0.427090 -1.603844 -1.692147
0.443474 -0.140392 0.651493
0.459974 -0.475299 0.766854
0.476434 -1.780112 0.743835
0.492794 -2.691373 1.247201
0.509264 -3.369891 1.126029
0.525648 -2.658883 1.664605
0.542100 -2.044247 1.293769
0.558518 -1.688608 0.644090
0.574937 -1.358203 -0.163974
0.591377 -0.520013 0.419385
0.607826 -0.970377 0.442958
0.624274 -0.579560 1.343170
0.640597 0.615181 2.185696
0.657148 1.224736 2.138273
0.673542 1.603085 1.809917
0.689958 0.578563 0.114929
0.706300 -0.316063 -1.398157
0.722827 0.190369 -3.188125
0.739279 -0.838441 -2.936671
0.755594 -4.112464 -1.683308
0.772067 -6.478995 0.533980
0.788525 -7.938844 1.742192
0.804944 -7.777119 3.584123
0.821317 -5.395078 4.734654
0.837709 -3.725516 2.670794
0.854194 -1.226839 0.864978
0.870676 0.544346 0.097744
0.887092 -0.327344 0.366834
0.903449 -0.319902 0.083392
0.919919 0.693980 -0.494949
0.936313 0.184081 -1.373240
0.952801 0.565529 -0.931073
0.969211 0.697460 -0.802835
0.985622 -0.652571 -0.813881
1.002043 -0.386275 0.194887
1.018560 -0.374570 0.266868
1.034944 0.153819 -0.377795
1.051375 0.530421 -1.287358
1.067768 0.890340 -2.109934
1.084226 -0.213752 -2.160377
1.100642 -0.106725 -0.819050
1.117074 -0.551296 1.188631
1.133487 -1.316914 1.533196
1.149994 -1.365137 0.259199
1.166399 -1.594319 -1.567171
1.182775 -1.245718 -2.970978
1.199228 -0.716438 -3.259140
1.215711 0.234915 -1.997652
1.232178 0.529420 0.194457
1.248468 1.003885 1.954151
1.264943 0.528214 2.287657
1.281356 0.359493 1.144196
1.297817 -0.402337 -0.083230
1.314245 -1.541164 -1.285806
1.330686 -1.088954 -1.124912
1.347138 -0.535613 -0.840559
1.363534 -0.300486 -0.810486
1.379933 0.740231 0.217267
1.396337 0.965274 0.786643
1.412778 -0.007238 -1.369237
1.429215 0.443011 1.235234
1.445677 -0.278494 3.004359
1.462111 -0.630220 3.923757
1.478527 -0.083705 4.745161
1.494891 -0.144747 4.669066
1.511395 0.343947 4.006624
1.527726 0.778516 3.161430
1.544248 0.315750 1.132666
1.560646 1.055393 0.754735
1.577055 1.841387 3.197756
1.593468 1.152565 1.102754
1.609951 0.786667 -0.329938
1.626317 1.345316 0.047473
1.642748 0.658761 0.022946
1.659245 -1.129368 -0.723375
1.675625 -1.839676 -0.079767
1.692098 -1.690756 0.305708
1.708507 -3.103719 1.909431
1.724939 -0.523830 0.500063
1.741320 4.082489 -1.654795
1.757799 7.581602 -3.614298
1.774173 9.459363 -4.728695
1.790619 8.324879 -5.128551
1.807045 6.119874 -3.108118
1.823507 3.913889 -0.930796
1.839893 0.553615 0.147045
1.856291 -1.428613 0.539200
1.872801 -0.441583 -0.793417
1.889252 -0.685558 -1.266478
1.905642 -0.227240 -2.401605
1.922021 1.070951 -1.989379
1.938469 1.897527 -0.686322
1.954922 2.209755 -0.426694
1.971399 2.085457 0.313941
1.987811 0.796236 2.283633
2.004392 -0.271558 4.091043
2.020652 -1.198729 3.257583
2.037067 -0.894497 1.681109
2.053493 -0.756032 1.008539
2.069849 -0.270039 1.364963
2.086349 0.113489 0.756440
2.102831 0.448056 1.306359
2.119192 1.019339 1.224283
2.135669 1.264003 -0.703981
2.152066 1.724824 -3.314362
2.168532 0.861866 -5.209230
2.184870 -0.089963 -4.485357
2.201340 -1.337655 -3.602675
2.217899 -2.022922 -1.811973
2.234178 -1.723536 -0.354598
2.250650 -0.619766 0.257749
2.267075 -0.976707 -0.294024
2.283493 1.500628 0.890001
2.299953 3.942181 2.994951
2.316355 6.674305 3.928110
2.332767 9.252051 3.048880
2.349194 10.077974 1.034324
2.365573 9.257345 -0.469377
2.382024 6.461249 -1.435149
2.398492 2.336740 -0.800120
2.414977 -0.807770 1.085351
2.431420 -0.231651 1.686921
2.447768 -0.272261 -0.316428
2.464369 -0.805628 -2.082590
2.480679 -0.593721 -2.363989
2.497074 0.246591 -1.557479
2.513448 1.440419 0.615387
2.529868 2.393219 2.264507
2.546340 3.077470 2.721738
2.562799 3.433281 1.564822
2.579212 2.573759 0.089287
2.595635 0.954752 -0.026586
2.612026 -1.317853 1.195389
2.628455 -0.553132 1.138158
2.644920 -0.382380 0.838877
2.661365 0.418619 0.307853
2.677808 0.987514 -0.485460
2.694276 1.384967 -1.001645
2.710607 0.929942 -0.722908
2.727046 -0.011273 -0.241997
2.743506 -0.711075 -0.052036
2.759949 -1.063968 0.158996
2.776370 -0.973637 0.242538
2.792754 -1.161864 0.342716
2.809192 -0.661675 0.183722
2.825563 -0.665785 0.107633
2.842049 -1.061313 0.208472
2.858475 -0.957425 -0.057211
2.874906 -0.231169 -0.575070
2.891293 0.184973 -0.715738
2.907803 0.729852 -0.236812
2.924224 0.973463 -0.346944
2.940614 0.817740 -0.983104
2.957095 1.067971 -0.662842
2.973450 0.896658 0.084287
2.989881 1.387614 0.464164
3.006344 1.643144 1.025193
3.022810 1.312297 1.078970
3.039243 1.097329 0.329886
3.055596 1.097032 -0.403169
3.072025 0.255125 -1.660603
3.088493 -0.447893 -2.087632
3.104917 -0.635011 -1.299217
3.121318 -0.769875 -1.299973
3.137759 -0.682164 -1.123756
3.154194 -0.623682 -0.425648
3.170609 -0.360179 -0.330320
3.187042 -0.763012 -0.170064
3.203496 -1.192692 0.472594
3.219938 -0.738252 1.036056
3.236317 0.639199 1.731619
3.252790 2.022444 2.288522
3.269168 2.437539 1.739266
3.285588 1.368725 2.298821
3.302063 0.416910 -0.209907
3.318425 -0.819209 -3.283069
3.334881 -1.322453 -5.335463
3.351383 -0.657264 -6.462201
3.367793 0.473013 -5.743872
3.384183 0.871609 -3.638263
3.400644 0.914382 -1.775743
3.416970 0.489732 -0.606637
3.433466 -0.005570 -0.515348
3.449940 0.975182 -1.948261
3.466359 0.897886 0.520292
3.482693 0.643079 3.000345
3.499197 0.739580 4.985296
3.515751 0.126900 6.950982
3.532074 -0.850822 7.536689
3.548496 -1.663647 4.701727
3.564860 -1.587963 1.107769
3.581372 -0.601876 -2.293212
3.597818 0.807665 -3.451470
3.614132 1.721931 -2.707650
3.630639 3.258896 -1.701024
3.647039 3.080571 0.122819
3.663512 1.339366 1.793532
3.679916 0.192432 2.249184
3.696266 -1.329614 0.480420
3.712734 -1.794662 0.183210
3.729166 -1.912488 0.998579
3.745589 -1.638244 1.456457
3.762022 -0.329028 0.764103
3.778444 0.487609 -0.659388
3.794921 0.342215 -2.195143
4.106977 0.667811 -3.335894
4.123473 0.490456 -3.796365
4.139860 0.285156 -2.831025
4.156291 0.548667 -0.819721
4.172762 0.289667 0.098169
4.189181 -0.674485 0.332367
4.205608 -0.399592 0.061948
4.221988 0.265834 -0.229300
4.238444 1.066766 -0.907061
4.254893 0.791442 -0.408965
4.271275 0.598087 0.695151
4.287672 -0.886579 1.853467
4.304133 -3.207564 1.878184
4.320609 -4.724352 1.416736
4.337010 -5.032243 0.571810
4.353441 -3.520040 -0.623877
4.369891 -2.192732 -0.479834
4.386350 -0.974452 -0.393588
4.402745 0.151179 0.890334
4.419187 1.702458 1.165981
4.435529 1.346304 1.722446
4.451983 1.355945 1.169409
4.468434 1.043549 -0.012924
4.484890 0.976341 0.216221
4.501291 0.311973 -0.109039
4.517729 -0.828772 -1.602085
4.534166 -0.300505 -2.771119
4.550563 0.420112 -1.973908
4.567035 0.821013 -0.637599
4.583492 0.360619 0.735049
4.599958 0.651216 0.364946
4.616309 1.059338 -0.130514
4.632720 0.705726 -0.162501
4.649153 -0.239369 -0.990450
4.665622 -0.456193 0.515165
4.681960 -0.208101 1.083249
4.698382 -0.603338 0.828622
4.714916 -0.405673 -0.779081
4.731266 -0.638806 -0.990180
4.747747 -0.076266 -1.597994
4.764110 0.541539 -1.786881
4.780606 0.176259 -1.199819
4.796984 -0.150972 -0.094588
4.813479 -0.971141 0.822836
4.829859 -1.391672 -0.419482
4.846273 -0.954144 -0.227069
4.862712 -0.126887 -0.048966
4.879154 0.182234 0.847465
4.895579 0.587674 0.494618
4.912004 0.139656 1.457355
4.928476 0.109813 1.834148
4.944875 -1.176827 2.350774
4.961255 -2.033317 2.201806
4.977745 -3.527061 0.515374
4.994145 -4.811855 -0.301848
5.010606 -5.372685 -0.620366
5.026974 -5.328307 -0.662221
5.043381 -4.063885 -0.191487
5.059870 -1.905493 0.069198
5.076334 -0.401546 -0.084149
5.092714 -0.590825 -0.266020
5.109116 -0.254177 -1.253235
5.125569 -0.617934 -2.291000
5.141962 -0.026681 -1.042779
5.158381 0.440256 0.973719
5.174830 0.824999 2.304228
5.191289 0.662454 3.083411
5.207713 0.124154 2.180942
5.224190 -0.817609 0.681081
5.240521 -0.927475 -1.207569
5.257046 -0.838108 -2.044985
5.273401 -0.020096 -1.341480
5.289836 0.191572 0.249551
5.306364 0.028414 1.146858
5.322745 -0.158027 0.380553
5.339225 -0.391064 0.080526
5.355566 -0.077393 0.286136
5.372006 0.020366 0.095654
5.388384 0.181000 -0.431395
5.404889 0.057656 -0.620254
5.421275 -0.027569 0.144945
5.437679 -0.555334 0.398984
5.454187 -1.037490 -0.147566
5.470588 0.173499 0.810178
5.486963 0.992848 1.526479
5.503435 1.541189 0.582192
5.519891 0.894154 -0.341551
5.536243 -0.145349 -0.595896
5.552745 -1.419096 -0.524370
5.569153 -2.219729 -0.697311
5.585530 -2.206167 -0.764090
5.601985 -1.010311 0.239306
5.618413 0.391190 1.993317
5.634838 0.849974 1.333409
5.651255 1.351616 1.166502
5.667698 0.776375 0.204912
5.684121 0.518865 -1.228769
5.700507 0.272637 -1.858780
5.716951 0.779572 -1.969006
5.733361 1.428520 -1.012443
5.749863 1.806331 1.944085
5.766266 1.365971 0.322806
5.782708 1.100397 -3.765747
5.799188 0.222149 -8.382363
5.815503 -0.625708 -10.871839
5.832002 -0.814144 -10.061338
5.848416 -0.873028 -7.369871
5.864848 0.112400 -3.052839
5.881278 0.681325 1.176113
5.897702 0.742343 3.237160
5.914112 0.521973 0.453516
5.930534 0.384549 -0.097216
5.946963 0.325627 -0.266576
5.963359 0.130576 0.733994
5.979632 0.057761 0.433452
5.996300 0.087595 -0.362540
6.012713 0.175736 -0.021389
6.029111 -0.227241 0.283900
6.045587 -0.311949 0.685996
6.061974 -0.124100 1.989069
6.078404 -0.390671 2.183577
6.094871 -0.816243 1.041959
6.111214 -1.409747 0.051070
6.127663 -0.772796 -1.171043
6.144119 0.739255 -1.978021
6.160560 1.140452 -0.540743
6.176940 1.065755 0.502152
6.193436 0.246927 1.584546
6.209886 -0.121782 1.581597
6.226288 -0.570801 -0.034404
6.242844 -0.466600 -1.239310
6.259109 0.101702 -0.415865
6.275723 0.758527 -0.224586
6.291978 0.639580 0.469195
6.308358 -0.922055 0.162277
6.324813 -1.796944 -0.152921
6.341274 -2.505109 0.245918
6.357596 -2.056749 -0.182485
6.374083 -0.945655 -0.709588
6.390531 0.994338 -0.841168
6.406957 2.151076 -1.747503
6.423406 2.303271 -1.705274
6.439837 1.773028 0.458420
6.456231 0.369386 1.962384
6.472750 -0.897922 4.422832
6.489094 -1.690871 4.427152
6.505597 -1.570175 2.150497
6.521992 -0.654977 0.071931
6.538435 -0.170334 -0.932372
6.554872 0.703333 -1.330063
6.571235 0.480957 -0.241274
6.587748 -0.434248 -1.348851
6.604101 -1.413518 -2.148738
6.620604 -1.902394 -1.556941
6.636862 -1.590336 -0.112251
6.653367 -0.947713 1.546149
6.669833 -0.111587 2.548384
6.686207 0.483818 1.740869
6.702665 0.422391 -0.424862
6.719131 -1.099609 -2.175713
6.735613 -1.653394 -2.430347
6.752074 -1.614621 -0.496025
6.768337 -1.003374 -0.108738
6.784867 -0.394993 -0.976911
6.801218 0.080546 -1.927413
6.817692 0.420903 -2.792588
6.834041 0.574194 -2.546437
6.850518 0.581798 -1.717525
6.866944 0.271803 -0.180430
6.883357 -0.474028 1.045478
6.899836 -0.394247 2.086663
6.916255 0.265067 1.535936
6.932697 0.291830 2.005587
6.949109 1.667167 1.000848
6.965562 2.524174 -0.688875
6.981944 2.590087 -2.178062
6.998414 2.441121 -3.096585
7.014846 1.607277 -2.942316
7.031222 0.704612 -2.362194
7.047688 0.766179 -0.689800
7.064152 0.349447 0.762059
7.080536 -0.053851 2.088941
7.096995 1.088635 2.284811
7.113405 0.584044 2.832977
7.129851 0.064945 2.005337
7.146240 -0.234196 0.282540
7.162671 -0.211198 -1.510522
7.179099 0.441412 -3.094697
7.195561 1.065709 -2.109540
7.211968 0.764668 -0.928308
7.228390 -0.885883 0.458865
7.244888 -0.709468 1.674559
7.261271 1.153503 1.431254
7.277691 4.300931 0.360027
7.294104 6.697736 -0.187543
7.310555 8.370799 -0.833822
7.326942 8.186267 -1.674409
7.343513 5.739905 -0.534352
7.359810 1.827954 -0.523478
7.376221 -1.741643 -0.183150
7.392675 -1.828271 0.385253
7.409096 -1.198389 0.243706
7.425549 -0.978545 0.461022
7.441973 -0.413924 0.895797
7.458406 0.885250 0.342829
7.474863 1.395543 0.261575
7.491245 0.898720 0.456234
7.507699 0.230096 0.341504
7.524077 3.588146 0.691191
7.540512 0.694034 1.769965
7.557074 -5.503698 1.463328
7.573366 -11.393338 0.606860
7.589778 -15.241460 -0.510006
7.606195 -16.333004 -1.699696
7.622669 -13.883206 -2.187725
7.639099 -8.631328 -2.648551
7.655471 -2.720940 -1.665373
7.671973 0.576372 -0.167551
7.688380 -2.239699 0.531106
7.704812 -1.386433 0.115203
7.721270 -0.589584 0.080606
7.737661 0.009765 0.033866
7.754099 0.477988 -0.383016
7.770553 0.896375 -1.103399
7.786980 0.825453 -0.749158
7.803375 0.420203 -0.107458
7.819771 -1.351390 -1.624209
7.836239 0.192041 -1.707201
7.852613 2.623482 0.961442
7.869157 4.937562 4.437226
7.885544 6.495576 6.116000
7.901917 6.887364 6.436130
7.918372 6.457448 5.771322
7.934733 3.962509 3.851999
7.951191 0.984532 0.040945
7.967606 -1.271625 -2.575415
7.984104 0.021567 -1.480855
8.000526 -0.064311 -0.568278
8.016986 0.162894 -0.666849
8.033344 0.978636 -0.133717
8.049788 1.371843 1.323139
8.066208 0.620027 2.257592
8.082602 -0.625766 2.119045
8.099073 -0.891918 1.599329
8.115495 -0.742674 1.018490
8.131955 -0.228350 0.863529
8.148423 -0.048764 -0.278386
8.164766 0.179395 -0.682082
8.181244 0.026579 -0.782578
8.197610 -0.465894 -1.121980
8.214094 -0.493609 -0.731026
8.230469 -0.298825 -0.694453
8.246955 -0.013808 0.550119
8.263356 0.198342 1.646029
8.279780 0.426670 2.793365
8.296186 0.723683 2.637494
8.312686 0.853201 1.693628
8.329102 0.358777 0.667846
8.345492 -0.037040 0.158598
8.361956 -0.537727 -0.754140
8.378323 -0.500807 -0.559035
8.394765 -0.041668 0.179532
8.411208 0.221004 -0.002275
8.427647 0.477928 -0.444786
8.444097 0.974336 -1.622953
8.460498 1.888362 -1.405143
8.476975 1.861232 -2.299468
8.493323 1.117767 -4.319980
8.509770 0.297847 -6.216430
8.526214 -1.501303 -5.614026
8.838236 -2.711027 -2.930276
8.854744 -2.593815 1.083478
8.871179 -1.773286 5.762588
8.887661 -0.610271 8.786647
8.904109 0.104919 8.719869
8.920483 -0.456286 5.321385
8.936944 -1.084105 1.749310
8.953309 -1.515788 -0.822583
8.969795 -1.745644 -1.165956
8.986176 -0.736739 -0.781836
9.002674 1.197593 -1.749698
9.019103 -0.458390 0.584189
9.035468 -2.954501 2.027202
9.051953 -5.057033 3.110967
9.068372 -6.921655 3.256543
9.084797 -7.183752 2.320134
9.101161 -6.036363 0.721075
9.117987 -3.406316 0.197033
9.134074 -0.898700 -0.692412
9.150531 0.596426 -1.595999
9.166929 -0.570241 0.066246
9.183316 -0.240142 -0.273695
9.199716 -0.503612 0.209263
9.216270 -0.507704 -0.120317
9.232659 -0.178819 -0.066511
9.249077 -0.303806 0.455441
9.265474 0.750076 0.789877
9.281979 1.577836 -0.162818
9.298351 2.266235 -0.116106
9.314770 2.241576 0.249413
9.331246 1.831509 0.024767
9.347604 1.734540 -0.235814
9.364095 0.137790 -0.373182
9.380465 -0.058289 0.091807
9.396914 0.826012 0.471485
9.413373 3.089107 0.091541
9.429761 4.636212 -0.207161
9.446179 5.859200 -0.626747
9.462648 4.943973 -1.595735
9.479000 3.497190 -2.048377
9.495472 1.266251 -2.137167
9.511864 -0.843557 -2.146080
9.528340 -0.108695 -1.673794
9.544752 0.254511 -0.448629
9.561126 0.746983 0.042430
9.577678 1.062110 0.894817
9.594015 1.147389 1.980548
9.610447 -0.123546 0.935872
9.626916 -0.737371 -0.267325
9.643316 -1.520523 -1.357262
9.659790 -2.018622 -1.915813
9.676210 -1.259952 -1.368283
9.692648 0.418165 0.008580
9.709072 0.527845 0.212326
9.725596 0.769027 -0.071498
9.741882 0.630171 -1.738161
9.758414 -0.910632 -3.124777
9.774773 -1.853995 -3.003671
9.791204 -2.182601 -2.538805
9.807673 -2.282644 -0.628793
9.824014 -0.592980 0.924699
9.840496 0.853502 1.354582
9.856900 1.565548 0.362996
9.873316 2.311582 -0.501083
9.889811 1.689673 -1.461187
9.906295 0.555656 -1.054072
9.922613 -0.080926 -1.375972
9.939016 -0.922341 -1.397949
9.955420 -0.716687 -0.485093
9.971868 0.748645 -0.093465
9.988346 2.068303 0.449857
10.004777 2.147424 1.490952
10.021188 0.210822 2.389254
10.037618 -1.890479 2.152414
10.054012 -3.301219 3.428105
10.070492 -3.932785 4.619905
10.086946 -3.202397 6.098772
10.103345 -1.514921 6.654875
10.119776 -0.100858 5.462924
10.136159 0.774739 3.259911
10.152570 0.287654 1.301637
10.168919 -0.394776 -0.644573
10.185499 -0.511501 -1.486532
10.201866 -0.963139 -0.711082
10.218283 -0.311392 -0.409700
10.234822 -0.245509 0.048735
10.251150 1.155677 -0.553543
10.267616 3.287627 -1.255805
10.284022 5.180559 -1.794403
10.300415 5.346728 -1.839820
10.316897 4.653068 -1.653583
10.333377 3.576925 -1.382683
10.349769 1.805517 -1.034016
10.366189 0.113284 0.092230
10.382616 -2.243066 0.528534
10.399042 -1.581232 0.431662
10.415434 -1.358735 0.558713
10.431943 -1.511419 0.761259
10.448342 -0.588995 0.162993
10.464735 1.388965 0.130638
10.481223 2.575354 0.328058
10.497582 2.544296 0.910484
10.514013 1.392326 1.116746
10.530471 5.216123 4.123754
10.546895 -0.220373 0.785946
10.563321 -10.327208 -5.534678
10.579726 -18.962849 -11.484163
10.596192 -22.926720 -15.048210
