0.000000 3.830000
0.016225 3.825876
0.032669 3.821794
0.049067 3.817794
0.065653 3.813918
0.081918 3.810204
0.098383 3.806692
0.114999 3.803420
0.131258 3.800422
0.147680 3.797734
0.164072 3.795389
0.180556 3.793415
0.196909 3.791842
0.213527 3.790696
0.229912 3.789999
0.246188 3.789773
0.262652 3.790036
0.279101 3.790803
0.295442 3.792089
0.311966 3.793901
0.328385 3.796250
0.344908 3.799138
0.361412 3.802569
0.377646 3.806541
0.394105 3.811052
0.410445 3.816096
0.426905 3.821665
0.443431 3.827748
0.459920 3.834332
0.476295 3.841402
0.492675 3.848941
0.509160 3.856931
0.525444 3.865351
0.541957 3.874178
0.558292 3.883389
0.574749 3.892959
0.591152 3.902862
0.607672 3.913072
1.297772 3.923560
1.314072 3.934300
1.330600 3.945262
1.347063 3.956417
1.363337 3.967735
1.379791 3.979189
1.396353 3.990748
1.412645 4.002384
1.429058 4.014066
1.445500 4.025768
1.461911 4.037460
1.478437 4.049114
1.494704 4.060703
1.511156 4.072201
1.527673 4.083580
1.544023 4.094817
1.560498 4.105887
1.577023 4.116765
1.593373 4.127430
1.609800 4.137859
1.626213 4.148032
1.642728 4.157931
1.659126 4.167537
1.675499 4.176833
1.691994 4.185804
1.708350 4.194435
1.724807 4.202714
1.741208 4.210629
1.757734 4.218168
1.774163 4.225324
1.790463 4.232086
1.806880 4.238449
1.823386 4.244405
1.839767 4.249951
1.856155 4.255082
1.872701 4.259795
1.889124 4.264090
1.905459 4.267964
1.921907 4.271417
1.938422 4.274453
1.954772 4.277071
1.971224 4.279276
1.987590 4.281071
2.004035 4.282461
2.020433 4.283451
2.036994 4.284048
2.053454 4.284258
2.069833 4.284091
2.086237 4.283553
2.102641 4.282655
2.119061 4.281406
2.135523 4.279817
2.151990 4.277899
2.168305 4.275663
2.184735 4.273122
2.201192 4.270288
2.217710 4.267175
2.234107 4.263794
2.250477 4.260161
2.266853 4.256288
2.283288 4.252191
2.299804 4.247883
2.316137 4.243378
2.332629 4.238691
2.349063 4.233837
2.365486 4.228829
2.381923 4.223681
2.398314 4.218408
2.414816 4.213023
2.431236 4.207539
2.447742 4.201971
2.464129 4.196330
2.480489 4.190629
2.496879 4.184881
2.513368 4.179096
2.529681 4.173285
2.546209 4.167459
2.562795 4.161628
2.578955 4.155802
2.595479 4.149989
2.611970 4.144196
2.628281 4.138433
2.644809 4.132707
2.661135 4.127022
2.677537 4.121387
2.694034 4.115806
2.710379 4.110284
2.726887 4.104827
2.743447 4.099437
2.759771 4.094120
2.776243 4.088878
2.792735 4.083714
2.808947 4.078632
2.825520 4.073634
2.841848 4.068723
2.858330 4.063900
2.874764 4.059168
2.891120 4.054529
2.907666 4.049984
2.924012 4.045536
2.940486 4.041186
2.956847 4.036936
2.973442 4.032789
2.989729 4.028745
3.006111 4.024807
3.022626 4.020978
3.039042 4.017258
3.055489 4.013650
3.071934 4.010158
3.088316 4.006782
3.104790 4.003527
3.121149 4.000395
3.137538 3.997388
3.154044 3.994511
3.170458 3.991767
3.186904 3.989158
3.203435 3.986690
3.219708 3.984365
3.236186 3.982188
3.252577 3.980163
3.269094 3.978294
3.285570 3.976585
3.301854 3.975040
3.318257 3.973663
3.334889 3.972459
3.351175 3.971433
3.367536 3.970587
3.384120 3.969926
3.400434 3.969455
3.416855 3.969176
3.433286 3.969094
3.449817 3.969212
3.466242 3.969532
3.482635 3.970057
3.499161 3.970790
3.515572 3.971733
3.531796 3.972887
3.548391 3.974253
3.564751 3.975832
3.581097 3.977624
3.597722 3.979628
3.614159 3.981845
3.630386 3.984271
3.646828 3.986907
3.663279 3.989749
3.679711 3.992794
3.696131 3.996040
3.712607 3.999483
3.728958 4.003118
3.745387 4.006940
3.761827 4.010946
3.778253 4.015127
3.794696 4.019479
3.811231 4.023995
3.827660 4.028667
3.844008 4.033488
3.860524 4.038449
3.876831 4.043541
3.893258 4.048756
3.909789 4.054082
3.926150 4.059511
3.942507 4.065030
4.747637 4.070630
4.763972 4.076298
4.780556 4.082022
4.796895 4.087789
4.813202 4.093589
4.829686 4.099407
4.846124 4.105232
4.862485 4.111051
4.878927 4.116852
4.895459 4.122622
4.911862 4.128350
4.928364 4.134023
4.944814 4.139630
4.961089 4.145160
4.977481 4.150602
4.994032 4.155945
5.010391 4.161179
5.026890 4.166294
5.043348 4.171280
5.059795 4.176129
5.076134 4.180832
5.092600 4.185380
5.108973 4.189766
5.125349 4.193982
5.141999 4.198022
5.158268 4.201880
5.174693 4.205549
5.191075 4.209025
5.207557 4.212303
5.223947 4.215379
5.240430 4.218250
5.256868 4.220915
5.273291 4.223370
5.289701 4.225616
5.306102 4.227653
5.322607 4.229481
5.339023 4.231101
5.355362 4.232518
5.371851 4.233733
5.388310 4.234750
5.404675 4.235576
5.421103 4.236214
5.437572 4.236673
5.454103 4.236957
5.470429 4.237076
5.486853 4.237038
5.503288 4.236851
5.519767 4.236525
5.536154 4.236069
5.552538 4.235494
5.568909 4.234811
5.585453 4.234029
5.601908 4.233160
5.618240 4.232215
5.634763 4.231206
5.651186 4.230142
5.667507 4.229035
5.683988 4.227895
5.700432 4.226733
5.716920 4.225558
5.733278 4.224380
5.749697 4.223208
5.766063 4.222051
5.782608 4.220915
5.799055 4.219808
5.815500 4.218738
5.831877 4.217708
5.848258 4.216725
5.864807 4.215792
5.881100 4.214912
5.897534 4.214089
5.914006 4.213324
5.930570 4.212618
5.946926 4.211970
5.963222 4.211381
5.979677 4.210847
5.996190 4.210366
6.012529 4.209935
6.028929 4.209550
6.045510 4.209205
6.061810 4.208896
6.078260 4.208615
6.094690 4.208355
6.111093 4.208110
6.127532 4.207870
6.143979 4.207627
6.160531 4.207373
6.176832 4.207096
6.193207 4.206789
6.209655 4.206440
6.226072 4.206039
6.242559 4.205575
6.258924 4.205037
6.275326 4.204415
6.291846 4.203696
6.308454 4.202871
6.784677 4.201928
6.801237 4.200854
6.817502 4.199641
6.833998 4.198276
6.850413 4.196750
6.866809 4.195052
6.883312 4.193175
6.899670 4.191109
6.916112 4.188846
6.932559 4.186381
6.948983 4.183707
6.965437 4.180820
6.981870 4.177714
6.998205 4.174388
7.014730 4.170840
7.031194 4.167067
7.047610 4.163070
7.063979 4.158850
7.080354 4.154408
7.096810 4.149746
7.113149 4.144868
7.129718 4.139778
7.146107 4.134480
7.162565 4.128982
7.178982 4.123288
7.195403 4.117406
7.211784 4.111345
7.228267 4.105111
7.244721 4.098715
7.261021 4.092165
7.277507 4.085471
7.293946 4.078642
7.310446 4.071690
7.326952 4.064624
7.343345 4.057454
7.359732 4.050192
7.376090 4.042847
7.392556 4.035430
7.408876 4.027952
7.425404 4.020423
7.441917 4.012853
7.458282 4.005252
7.474657 3.997631
7.491081 3.989999
