0.000000 3.755000
0.016364 3.757119
0.032741 3.759258
0.049166 3.761441
0.065594 3.763687
0.082081 3.766017
0.098523 3.768452
0.114928 3.771010
0.131341 3.773712
0.147818 3.776573
0.164227 3.779613
0.180726 3.782845
0.197056 3.786287
0.213438 3.789950
0.229933 3.793848
0.246472 3.797991
0.262815 3.802388
0.279247 3.807049
0.295685 3.811978
0.312124 3.817181
0.328518 3.822661
0.344980 3.828418
0.361341 3.834453
0.377829 3.840763
0.394192 3.847344
0.410569 3.854190
0.427001 3.861292
0.443414 3.868642
0.459874 3.876228
0.476395 3.884037
0.492776 3.892055
0.509127 3.900265
0.525748 3.908649
0.542120 3.917189
0.558462 3.925865
0.574877 3.934655
0.591237 3.943537
0.607786 3.952488
0.624094 3.961486
0.640671 3.970505
0.657010 3.979523
0.673519 3.988516
0.689909 3.997458
0.706321 4.006326
0.722736 4.015095
0.739122 4.023743
0.755574 4.032246
0.771987 4.040582
0.788466 4.048728
0.804963 4.056662
0.821395 4.064365
0.837707 4.071816
0.854159 4.078998
0.870631 4.085890
0.887007 4.092479
0.903501 4.098746
0.919840 4.104680
0.936322 4.110265
0.952755 4.115491
0.969183 4.120348
0.985568 4.124826
1.002067 4.128918
1.018706 4.132619
1.034813 4.135924
1.051364 4.138829
1.067824 4.141334
1.084144 4.143439
1.100590 4.145144
1.117103 4.146452
1.133470 4.147367
1.150016 4.147893
1.166338 4.148038
1.182750 4.147809
1.199161 4.147213
1.215623 4.146262
1.231995 4.144964
1.248495 4.143333
1.264937 4.141381
1.281340 4.139120
1.297861 4.136566
1.314183 4.133734
1.330532 4.130639
1.347015 4.127298
1.363468 4.123727
1.379839 4.119944
1.396281 4.115965
1.412758 4.111809
1.429192 4.107493
1.445646 4.103034
1.461948 4.098450
1.478458 4.093757
1.494888 4.088973
1.511354 4.084114
1.527728 4.079196
1.544171 4.074234
1.560719 4.069242
1.576960 4.064236
1.593402 4.059229
1.609880 4.054234
1.626381 4.049263
1.642689 4.044328
1.659129 4.039439
1.675570 4.034608
1.691984 4.029844
1.708468 4.025156
1.725003 4.020552
1.741322 4.016040
1.757692 4.011626
1.774192 4.007318
1.790604 4.003121
1.806986 3.999041
1.823446 3.995082
1.839858 3.991250
1.856352 3.987548
1.872682 3.983981
1.889197 3.980550
1.905510 3.977261
1.922069 3.974115
1.938429 3.971115
1.954881 3.968264
1.971450 3.965563
1.987807 3.963015
2.004269 3.960622
2.020571 3.958385
2.037049 3.956305
2.053439 3.954385
2.069873 3.952626
2.086306 3.951028
2.102749 3.949592
2.119172 3.948321
2.135613 3.947214
2.152047 3.946272
2.168422 3.945497
2.184886 3.944888
2.201339 3.944446
2.217738 3.944172
2.234119 3.944065
2.250551 3.944126
2.267111 3.944354
2.283452 3.944750
2.299924 3.945311
2.316320 3.946039
2.332870 3.946931
2.349112 3.947986
2.365641 3.949204
2.382015 3.950581
2.398521 3.952116
2.414886 3.953805
2.431293 3.955647
2.447721 3.957638
2.464228 3.959774
2.480547 3.962051
2.496960 3.964464
2.513503 3.967009
2.529864 3.969680
2.546351 3.972471
2.562691 3.975377
2.579167 3.978390
2.595612 3.981504
2.612176 3.984711
2.628390 3.988004
2.644854 3.991374
2.661297 3.994813
2.677689 3.998314
2.694068 4.001866
2.710637 4.005461
2.727028 4.009090
2.743545 4.012744
2.759916 4.016413
2.776319 4.020088
2.792671 4.023762
2.809140 4.027424
2.825571 4.031067
2.841920 4.034684
2.858427 4.038265
2.874846 4.041806
2.891292 4.045300
2.907965 4.048740
2.924089 4.052123
2.940554 4.055444
2.956982 4.058699
2.973314 4.061886
2.989871 4.065001
3.006260 4.068044
3.022636 4.071012
3.039085 4.073906
3.055487 4.076726
3.071982 4.079472
3.088427 4.082145
3.104928 4.084748
3.121330 4.087282
3.137706 4.089751
3.154123 4.092157
3.170609 4.094503
3.186944 4.096795
3.203348 4.099035
3.219853 4.101228
3.236299 4.103379
3.252693 4.105493
3.269078 4.107573
3.285650 4.109625
3.301933 4.111655
3.318496 4.113666
3.334860 4.115664
3.351266 4.117654
3.367671 4.119641
3.384070 4.121629
3.400543 4.123623
3.416995 4.125627
3.433338 4.127647
3.449818 4.129686
3.466348 4.131748
3.482738 4.133837
3.499251 4.135958
3.515570 4.138113
3.531987 4.140305
3.548579 4.142539
3.564759 4.144815
3.581259 4.147137
3.597763 4.149506
3.614092 4.151924
3.630564 4.154390
3.646962 4.156907
3.663312 4.159472
3.679883 4.162086
3.696321 4.164747
3.712686 4.167454
3.729247 4.170203
3.745672 4.172992
3.762063 4.175818
3.778403 4.178676
3.794896 4.181563
3.811273 4.184473
3.827715 4.187401
3.844152 4.190341
3.860627 4.193289
3.876962 4.196238
3.893355 4.199182
3.909862 4.202116
3.926313 4.205032
3.942712 4.207924
3.959245 4.210788
3.975604 4.213616
3.991970 4.216402
4.008360 4.219142
4.024863 4.221829
4.041267 4.224459
4.057691 4.227026
4.074111 4.229526
4.090543 4.231956
4.107033 4.234310
4.123445 4.236587
4.139975 4.238784
4.156372 4.240898
4.172811 4.242927
4.189093 4.244870
4.205560 4.246726
4.222178 4.248494
4.238479 4.250175
4.254829 4.251769
4.271232 4.253275
4.287612 4.254695
4.304104 4.256030
4.320465 4.257280
4.336987 4.258449
4.353518 4.259536
4.369902 4.260544
4.386217 4.261474
4.402721 4.262328
4.419201 4.263108
4.435583 4.263814
4.452090 4.264449
4.468360 4.265014
4.484808 4.265509
4.501193 4.265935
4.517614 4.266293
4.534141 4.266583
4.550495 4.266806
4.566963 4.266961
4.583381 4.267047
4.599839 4.267064
4.616240 4.267010
4.632748 4.266884
4.649109 4.266683
4.665544 4.266407
4.682002 4.266052
4.698378 4.265616
4.714777 4.265095
4.731251 4.264487
4.747704 4.263789
4.764127 4.262998
4.780611 4.262109
4.796966 4.261120
4.813414 4.260027
4.829791 4.258828
4.846375 4.257519
4.862642 4.256096
4.879093 4.254559
4.895617 4.252903
4.911921 4.251128
4.928376 4.249232
4.944987 4.247213
4.961224 4.245071
4.977683 4.242805
4.994074 4.240418
5.010623 4.237909
5.027071 4.235281
5.043371 4.232537
5.059838 4.229680
5.076256 4.226715
5.092719 4.223646
5.109097 4.220481
5.125628 4.217227
5.141963 4.213890
5.158371 4.210481
5.174850 4.207009
5.191251 4.203484
5.207647 4.199917
5.224075 4.196319
5.240598 4.192703
5.256938 4.189081
5.273429 4.185465
5.289897 4.181869
5.306258 4.178306
5.322700 4.174789
5.339219 4.171331
5.355554 4.167947
5.371919 4.164649
5.388487 4.161451
5.404798 4.158366
5.421178 4.155407
5.437781 4.152585
5.454104 4.149912
5.470496 4.147397
5.487039 4.145051
5.503431 4.142879
5.519804 4.140890
5.536231 4.139088
5.552626 4.137476
5.569138 4.136058
5.585559 4.134833
5.601919 4.133800
5.618454 4.132956
5.634810 4.132297
5.651199 4.131816
5.667616 4.131506
5.684044 4.131357
5.700420 4.131357
5.716965 4.131495
5.733382 4.131757
5.749876 4.132126
5.766283 4.132588
5.782593 4.133124
5.799126 4.133718
5.815524 4.134349
5.831878 4.134999
