0.000000 19.538796 10.920960
0.016466 15.295329 9.893957
0.032968 7.939552 7.459923
0.049370 0.490054 4.312968
0.065801 -3.470311 1.810458
0.082159 0.931223 2.494667
0.098699 0.776567 0.460406
0.115018 0.705042 -1.370833
0.131490 0.149605 -2.830587
0.147925 -0.592190 -3.016081
0.164399 -1.900492 -2.350452
0.180714 -0.282754 -1.685477
0.197139 2.382211 -1.394597
0.213515 4.434522 -1.387550
0.229994 5.600951 -1.630627
0.246526 5.484070 -1.116668
0.262814 4.402655 -0.271951
0.279291 1.746429 0.399735
0.295727 -0.490444 1.010812
0.312199 -2.900285 0.849833
0.328577 -0.961111 -0.353513
0.344931 0.547784 -1.183440
0.361464 2.406077 -1.345480
0.377997 3.521589 -1.417657
0.394208 3.830009 -0.830031
0.410757 3.283290 -0.706154
0.427177 1.635014 -0.812385
0.443492 -0.098624 -0.247746
0.460384 -1.476127 0.218364
0.476408 -0.672714 0.929840
0.492780 -0.821605 1.345100
0.509251 -0.979564 0.935308
0.525716 -0.621449 0.228467
0.542213 -0.093214 0.242164
0.558540 -0.216329 0.596259
0.575021 -0.540789 1.454715
0.591465 -0.506377 2.025412
0.607932 0.148287 1.793191
0.624278 1.108808 1.088927
0.640698 1.413668 -0.218596
0.657177 2.653000 -0.324325
0.673585 1.432628 -0.357200
0.689957 -1.910208 -1.613944
0.706403 -4.879370 -3.141330
0.722804 -6.504528 -4.546168
0.739240 -6.619739 -4.805522
0.755649 -5.806157 -3.809967
0.772150 -2.813477 -2.052195
0.788475 -0.065942 -0.292918
0.804932 1.462757 0.810286
0.821420 0.486462 0.455070
0.837785 0.070571 -0.226263
0.854178 -0.155442 -0.299748
0.870609 -0.485747 0.420537
0.887123 -0.660679 1.195432
0.903644 -0.763938 0.799113
0.919909 0.024407 0.917186
0.936423 -0.006559 0.466421
0.952930 0.524990 -0.031919
0.969234 0.717928 -0.203458
0.985688 0.777800 0.006433
1.002079 0.922681 0.532313
1.018512 0.647120 1.015890
1.035069 0.229742 0.782048
1.051402 0.679567 -0.482971
1.067834 -0.236455 1.076628
1.084353 -1.321003 1.465249
1.100740 -1.926735 1.476895
1.117084 -2.146849 2.064576
1.133630 -2.033082 2.510663
1.149983 -2.024259 2.400074
1.166383 -1.614413 1.943804
1.182788 -1.087496 1.005815
1.199291 -0.938384 0.302800
1.215661 -0.600851 1.369049
1.232065 -0.457051 0.125943
1.248634 -1.470731 -0.404379
1.265082 -2.925491 -0.128805
1.281397 -3.731414 0.358830
1.297831 -3.285166 1.421254
1.314329 -2.197095 1.076681
1.330626 -0.730291 0.687853
1.347053 0.948289 0.555542
1.363604 1.574301 0.147110
1.379988 0.307418 -0.469716
1.396411 0.369447 -0.350243
1.412809 -0.204852 -0.218734
1.429320 -0.228944 0.355805
1.445686 -0.020930 0.612614
1.462192 -0.023514 0.086600
1.478635 0.333478 0.675563
1.495019 0.286067 0.676752
1.511356 0.739702 0.365434
1.527757 0.883983 0.221937
1.544231 0.340975 -0.177715
1.560620 -0.391643 -0.664150
1.577109 -0.317105 -0.436367
1.593564 -2.156590 0.034437
1.609977 -0.868164 -0.614224
1.626300 2.216964 -0.663502
1.642735 5.025708 -0.335106
1.659252 7.162075 -0.900182
1.675775 7.109816 -0.808065
1.692104 5.614789 0.136333
1.708559 3.564646 0.687752
1.724959 1.060870 0.534636
1.741395 -0.358675 -0.508826
1.757760 1.265373 -1.737935
1.774272 1.001247 -1.589100
1.790696 0.841225 -1.344038
1.807189 0.060028 -0.829180
1.823463 -0.548782 0.693191
1.839900 -1.103536 1.287743
1.856474 -0.454899 0.696257
1.872847 0.603797 0.221438
1.889256 1.864327 -0.250090
1.905707 2.507016 0.093257
1.922058 2.826329 0.475346
1.938539 2.970419 0.765063
1.954958 1.472122 0.982157
1.971442 0.515950 0.561336
1.987764 -0.525942 -0.103371
2.004253 -0.565571 -0.186196
2.020606 -0.446314 -0.143809
2.037216 -0.888372 -0.105138
2.053517 0.392887 0.106248
2.070044 1.858435 -0.212220
2.086522 2.257534 -0.912452
2.102708 1.542977 -0.871121
2.119312 1.676371 -0.645308
2.135860 1.628151 -0.091660
2.152037 1.511230 0.911621
2.168619 0.821913 1.361790
2.184966 0.146948 1.596598
2.201483 0.068328 1.217444
2.217939 -0.853534 0.513589
2.234306 -0.976256 0.173435
2.250661 -0.243930 0.239563
2.267222 0.414970 -0.291193
2.283456 0.176936 -0.311176
2.299976 -0.311790 -0.597535
2.316409 -0.629945 -0.326294
2.332796 -0.206775 0.123693
2.349195 0.284142 0.805364
2.365691 0.827414 0.756698
2.382009 0.905647 0.022584
2.398581 0.486780 -0.603707
2.414981 -0.372615 -1.288674
2.431369 -0.641814 -2.011374
2.447935 -0.629196 -2.099446
2.464298 -0.172474 -0.614588
2.480712 0.284217 0.938421
2.497012 0.215218 1.563680
2.513489 0.281662 1.018712
2.530068 0.507193 0.481366
2.546381 0.195450 0.078680
2.562762 -0.163233 -0.129829
2.579266 -0.346159 0.636173
2.595739 -0.801330 1.128737
2.612096 -0.575679 0.849949
2.628541 -0.351036 -0.273960
2.644965 -0.005297 -2.126904
2.661463 0.380419 -2.432522
2.677846 0.324131 -1.467686
2.694325 -0.129823 0.591900
2.710756 -0.288345 1.992239
2.727148 0.021015 2.135946
2.743557 0.284372 1.228467
2.759924 -1.266109 -0.078947
2.776389 -3.676557 -1.450215
2.792934 -5.531560 -2.294936
2.809277 -6.472197 -1.947561
2.825727 -6.012216 -1.530578
2.842108 -4.314435 -0.608562
2.858456 -1.776199 -0.089680
2.874925 0.439415 0.556547
2.891370 1.141356 0.956530
2.907839 0.332327 0.505774
2.924237 0.606275 -0.095263
2.940791 0.418035 -0.131782
2.957096 -0.023898 0.385697
2.973542 -0.484494 0.919645
2.989901 -0.434843 1.292899
3.006337 -0.031416 1.052481
3.022795 0.717089 0.766662
3.039290 0.948379 -0.164690
3.055729 0.393005 -1.149212
3.072173 -0.470754 -1.415823
3.088467 -1.287079 -1.167450
3.104932 -1.691759 -0.566151
3.121385 -1.959263 0.536757
3.137861 -1.265096 1.222430
3.154288 -0.235558 1.499959
3.170742 0.960993 0.981730
3.187182 0.806582 0.121816
3.203477 0.665596 -0.312610
3.219965 0.553542 -0.587713
3.236515 0.043763 0.152987
3.252786 -0.653303 -0.644720
3.269161 -0.852602 -2.370474
3.285746 -0.349643 -4.371729
3.302081 -0.025321 -5.565008
3.318488 -0.267614 -5.387826
3.334932 -0.360028 -3.996650
3.351491 0.264913 -1.911063
3.367832 0.782473 0.188467
3.384252 1.050500 1.600075
3.400748 0.891627 1.121292
3.417118 0.277364 1.538956
3.433637 -0.571884 1.020704
3.449959 -1.160177 0.287218
3.466339 -1.151274 -0.518931
3.482851 -0.404816 -1.229167
3.499292 0.276676 -1.073147
3.515815 1.069206 0.067935
3.532093 0.922465 0.513850
3.548554 0.353113 0.477015
3.564996 0.034312 0.137827
3.581432 -0.297627 -1.079729
3.597846 -0.459165 -1.739154
3.614259 -0.580177 -1.910229
3.630637 -0.654852 -1.238502
3.647029 -0.393370 -0.676166
3.663556 -0.199808 -0.932097
3.679934 -0.000337 -1.257941
3.696361 0.300428 -0.613250
3.712885 0.086030 0.130810
3.729230 -0.139966 0.510592
3.745600 -0.019304 1.265135
3.762045 0.391467 1.714693
3.778581 0.588072 1.400875
3.794900 0.606056 0.129525
3.811440 0.035246 -1.160012
3.827821 -0.291938 -1.558527
3.844281 -0.667547 -1.313191
3.860686 -0.511382 -0.114607
3.877037 0.141638 0.688113
3.893523 0.660621 1.799256
3.909961 0.776272 2.166160
3.926310 0.545527 1.503700
3.942783 -0.029847 0.004349
3.959155 -0.524872 -1.441878
3.975658 -0.689461 -1.966907
3.992164 -0.590892 -1.427570
4.008453 -0.220207 -1.779669
4.024837 0.205690 0.851561
4.041537 0.625137 4.338337
4.057866 0.741723 6.425196
4.074177 1.003623 7.477361
4.090693 0.776374 6.500108
4.107108 0.813482 4.245225
4.123492 0.459706 1.762069
4.139935 0.091580 -0.362310
4.156311 -0.720127 -1.428977
4.172831 -0.822308 -0.125420
4.189241 -0.687130 -0.832762
4.205610 -0.573726 -1.248137
4.222082 0.530964 -1.106869
4.238425 0.784587 -1.243147
4.254963 0.553331 -1.310829
4.271331 -0.164040 0.561795
4.287834 -0.481255 1.543783
4.304204 -0.353093 1.084405
4.320622 -0.000846 1.102998
4.337005 -0.447902 1.373073
4.353398 -1.154745 1.871872
4.369886 -0.822444 1.655440
4.386355 -0.745486 1.349503
4.402934 -0.207831 1.719421
4.419151 1.084001 1.505360
4.435683 1.700733 -0.557576
4.452009 1.668345 -1.883310
4.468524 0.573846 -1.478892
4.484879 -0.713942 -0.916301
4.501252 -1.651385 0.267074
4.517765 -1.069394 0.196882
4.534191 -0.663310 0.744732
4.550601 -0.395525 1.276180
4.567092 1.015260 -0.283098
4.583417 1.053531 -1.124777
4.599908 0.816002 -1.565560
4.616318 -0.248318 -1.441204
4.632872 -0.489054 -1.235136
4.649231 0.262213 -1.322688
4.665674 0.212050 -1.687219
4.682139 -0.064347 -0.424390
4.698478 0.189002 0.428137
4.714830 0.224253 1.174979
4.731342 -0.575741 2.085349
4.747818 -0.457206 1.946644
4.764125 -0.072602 1.071995
4.780600 0.465171 0.681829
4.797003 -0.531870 1.075857
4.813487 -0.834041 0.482182
4.830008 0.095962 0.145279
4.846354 0.684644 0.209587
4.862757 0.983301 -1.126553
4.879246 1.406401 -2.755280
4.895677 1.045441 -2.912435
4.912007 0.187619 -2.651608
4.928502 -0.694557 -1.408902
4.944851 -0.915317 -0.138002
4.961374 0.014149 -0.567521
4.977844 -0.047537 0.667703
4.994152 0.111974 1.557536
5.010538 0.285234 1.106002
5.027155 0.067053 1.198215
5.043459 -0.363388 0.399101
5.059869 -0.359281 -0.965962
5.076306 -0.429672 -1.424090
5.092770 -0.442842 -1.483997
5.109111 -0.351996 -1.488349
5.125710 0.068927 0.315275
5.141998 0.837985 1.679636
5.158528 1.824171 1.787124
5.174977 0.392853 1.948554
5.191250 0.121969 1.412122
5.207752 -3.462724 0.989473
5.224319 -8.425439 1.299128
5.240627 -12.192261 1.810749
5.257055 -12.942914 2.044445
5.273406 -10.464164 2.351943
5.289962 -5.800516 1.951532
5.306352 -1.683841 0.920460
5.322823 1.016139 0.574085
5.339226 2.608980 0.360820
5.355652 -0.461707 0.675562
5.372009 0.533542 0.358324
5.388526 2.438297 -0.177591
5.404898 4.975089 -1.644496
5.421279 6.899537 -3.112437
5.437735 7.298784 -3.946384
5.454305 5.712088 -4.045794
5.470623 3.839965 -2.651822
5.487000 1.690996 -0.545927
5.503459 0.548689 0.651997
5.519853 0.866109 1.074852
5.536337 -0.918387 0.749958
5.552731 -0.550440 -0.317862
5.569169 0.767044 -0.992496
5.585704 2.269591 -1.378377
5.601949 3.425249 -1.301613
5.618426 4.034421 -0.777366
5.634830 8.397792 1.728170
5.651340 1.998604 -1.018908
5.667755 -8.555862 -5.265904
5.684152 -17.836369 -8.990826
5.700556 -21.920308 -10.867195
