0.000000 4.655000
0.016443 4.638521
0.032784 4.622113
0.049226 4.605850
0.065868 4.589801
0.082128 4.574036
0.098550 4.558624
0.114886 4.543631
0.131468 4.529123
0.147818 4.515161
0.164290 4.501805
0.180764 4.489112
0.197082 4.477134
0.213652 4.465922
0.229987 4.455522
0.246351 4.445976
0.262850 4.437322
0.279252 4.429595
0.295765 4.422824
0.312085 4.417034
0.328510 4.412247
0.344977 4.408478
0.361334 4.405739
0.377759 4.404037
0.394256 4.403375
0.410708 4.403750
0.427069 4.405158
0.443488 4.407586
0.459931 4.411022
0.476353 4.415445
0.492807 4.420834
0.509207 4.427163
0.525642 4.434403
0.542103 4.442522
0.558560 4.451483
0.574940 4.461251
0.591374 4.471784
0.607832 4.483040
0.624261 4.494975
0.640779 4.507545
0.657034 4.520701
0.673610 4.534396
0.689926 4.548582
0.706402 4.563209
0.722861 4.578228
0.739223 4.593588
0.755656 4.609242
0.772217 4.625138
0.788544 4.641229
0.805021 4.657467
0.821405 4.673804
0.837817 4.690195
0.854210 4.706593
0.870608 4.722957
0.887119 4.739242
0.903513 4.755409
0.919938 4.771417
0.936405 4.787230
0.952877 4.802812
0.969206 4.818127
1.265067 4.833143
1.281300 4.847830
1.297853 4.862157
1.314459 4.876098
1.330616 4.889628
1.347086 4.902721
1.363535 4.915356
1.379908 4.927512
1.396379 4.939172
1.412855 4.950318
1.429225 4.960935
1.445643 4.971010
1.462121 4.980531
1.478533 4.989488
1.494993 4.997874
1.511383 5.005681
1.527779 5.012906
1.544331 5.019544
1.560611 5.025594
1.577145 5.031056
1.593580 5.035932
1.609969 5.040224
1.626358 5.043938
1.642731 5.047079
1.659205 5.049654
1.675745 5.051674
1.692136 5.053147
1.708430 5.054086
1.725025 5.054504
1.741388 5.054414
1.757805 5.053833
1.774229 5.052777
1.790633 5.051264
1.807012 5.049313
1.823516 5.046944
1.839884 5.044177
1.856424 5.041035
1.872754 5.037540
1.889206 5.033715
1.905678 5.029584
1.922104 5.025173
1.938530 5.020505
1.954978 5.015606
1.971275 5.010502
1.987737 5.005218
2.004290 4.999781
2.020657 4.994216
2.037102 4.988549
2.053510 4.982805
2.069876 4.977010
2.086296 4.971188
2.102783 4.965365
2.119335 4.959564
2.135705 4.953808
2.152015 4.948120
2.168533 4.942522
2.184880 4.937035
2.201338 4.931681
2.217756 4.926477
2.234367 4.921443
2.250583 4.916597
2.267041 4.911955
2.283454 4.907533
2.299986 4.903345
2.316381 4.899404
2.332837 4.895722
2.349247 4.892311
2.365562 4.889180
2.382040 4.886338
2.398432 4.883792
2.414905 4.881548
2.431294 4.879611
2.447809 4.877985
2.464174 4.876672
2.480693 4.875675
2.496974 4.874993
2.513530 4.874626
2.530044 4.874573
2.546354 4.874830
2.562785 4.875395
2.579260 4.876264
2.595638 4.877431
2.612142 4.878891
2.628669 4.880637
2.644932 4.882664
2.661354 4.884963
2.677694 4.887526
2.694150 4.890347
2.710607 4.893415
2.727040 4.896723
2.743455 4.900262
2.759997 4.904023
2.776348 4.907996
2.792817 4.912173
2.809216 4.916543
2.825639 4.921098
2.842053 4.925827
2.858505 4.930722
2.874856 4.935773
2.891362 4.940969
2.907716 4.946303
2.924157 4.951763
2.940665 4.957341
2.956992 4.963027
2.973511 4.968811
2.989929 4.974685
3.006331 4.980638
3.022808 4.986662
3.039293 4.992748
3.055583 4.998886
3.072015 5.005067
3.088456 5.011283
3.104919 5.017525
3.121350 5.023785
3.137775 5.030054
3.154179 5.036324
3.170680 5.042588
3.187080 5.048838
3.203483 5.055065
3.219959 5.061264
3.236310 5.067427
3.252863 5.073547
3.269133 5.079618
3.285565 5.085633
3.302025 5.091587
3.318514 5.097474
3.334929 5.103288
3.351366 5.109026
3.367781 5.114681
3.384255 5.120249
3.400717 5.125726
3.416983 5.131109
3.433488 5.136394
3.449865 5.141578
3.466388 5.146657
3.482859 5.151628
3.499195 5.156490
3.515693 5.161241
3.532107 5.165877
3.548407 5.170397
3.564887 5.174800
3.581340 5.179083
3.597819 5.183247
3.614210 5.187288
3.630556 5.191206
3.647000 5.195000
3.663427 5.198669
3.679857 5.202213
3.696286 5.205629
3.712684 5.208917
3.729160 5.212077
3.745769 5.215107
3.761989 5.218008
3.778423 5.220777
3.795178 5.223414
3.811328 5.225919
3.827783 5.228291
3.844101 5.230528
3.860653 5.232631
3.877077 5.234597
3.893395 5.236427
3.909947 5.238119
3.926415 5.239672
3.942745 5.241086
3.959177 5.242359
3.975630 5.243491
3.992122 5.244480
4.008461 5.245327
4.024830 5.246029
4.041308 5.246588
4.057732 5.247001
4.074183 5.247269
4.090758 5.247391
4.107197 5.247368
4.123479 5.247200
4.139978 5.246887
4.156408 5.246429
4.172755 5.245829
4.189241 5.245088
4.205627 5.244208
4.222013 5.243191
4.238400 5.242040
4.254887 5.240759
4.271329 5.239352
4.287728 5.237823
4.304208 5.236178
4.320555 5.234422
4.337080 5.232563
4.353392 5.230607
4.369810 5.228561
4.386256 5.226435
4.402730 5.224237
4.419127 5.221976
4.435639 5.219662
4.452068 5.217306
4.468558 5.214920
4.484879 5.212513
4.501304 5.210098
4.517777 5.207687
4.534230 5.205291
4.550580 5.202925
4.567037 5.200599
4.583442 5.198327
4.599879 5.196121
4.616309 5.193994
4.632724 5.191958
4.649232 5.190026
4.666211 5.188208
4.682038 5.186518
4.698517 5.184966
4.714828 5.183562
4.731283 5.182318
4.747758 5.181243
4.764101 5.180346
4.780500 5.179636
4.797009 5.179121
4.813384 5.178808
4.829879 5.178704
4.846252 5.178815
4.862686 5.179147
4.879127 5.179704
4.895536 5.180490
4.911983 5.181509
4.928454 5.182763
4.944894 5.184255
4.961304 5.185986
4.977754 5.187957
4.994124 5.190168
5.010659 5.192619
5.027143 5.195308
5.043454 5.198234
5.059985 5.201396
5.076325 5.204790
5.092698 5.208413
5.109171 5.212262
5.125553 5.216333
5.141936 5.220620
5.158432 5.225119
5.174852 5.229823
5.191236 5.234727
5.207732 5.239825
5.224203 5.245108
5.240596 5.250570
5.256952 5.256203
5.273455 5.261998
5.289791 5.267946
5.306292 5.274039
5.322685 5.280265
5.339118 5.286615
5.355518 5.293079
5.372110 5.299645
5.388472 5.306301
5.404884 5.313037
5.421387 5.319838
5.437725 5.326693
5.454166 5.333588
5.470611 5.340510
5.487020 5.347445
5.503455 5.354380
5.519854 5.361299
5.536250 5.368189
5.552725 5.375034
5.569100 5.381821
5.585581 5.388534
5.602002 5.395158
5.618337 5.401679
5.634824 5.408083
5.651316 5.414354
5.667750 5.420477
5.684168 5.426440
5.700546 5.432228
5.717023 5.437828
5.733395 5.443226
5.749897 5.448409
5.766247 5.453365
5.782707 5.458083
5.799175 5.462551
5.815622 5.466758
5.831925 5.470695
5.848372 5.474352
5.864872 5.477720
5.881290 5.480792
5.897683 5.483560
5.914165 5.486018
5.930613 5.488161
5.946973 5.489984
5.963438 5.491482
5.979848 5.492654
5.996328 5.493497
6.012708 5.494010
6.029083 5.494191
6.045507 5.494042
6.061953 5.493563
6.078359 5.492757
6.094793 5.491624
6.111225 5.490168
6.127720 5.488393
6.144210 5.486302
6.160525 5.483900
6.176910 5.481190
6.193372 5.478177
6.209791 5.474867
6.226248 5.471265
6.242768 5.467375
6.259117 5.463203
6.275491 5.458755
6.292016 5.454034
6.308388 5.449046
6.324858 5.443797
6.341277 5.438291
6.357663 5.432533
6.374268 5.426529
6.390580 5.420283
6.406987 5.413800
6.423540 5.407087
6.439790 5.400147
6.456249 5.392989
6.472644 5.385617
6.489137 5.378039
6.505631 5.370262
6.521976 5.362295
6.538394 5.354146
6.554849 5.345825
6.571223 5.337343
6.587764 5.328711
6.604122 5.319943
6.620550 5.311053
6.636997 5.302054
6.653371 5.292964
6.669747 5.283799
6.686243 5.274578
6.702662 5.265320
6.719112 5.256045
6.735601 5.246773
6.752057 5.237527
6.768394 5.228329
6.784787 5.219203
6.801243 5.210170
6.817622 5.201255
6.834130 5.192481
6.850599 5.183870
6.866980 5.175447
7.096956 5.167233
7.113382 5.159249
7.129882 5.151515
7.146258 5.144051
7.162710 5.136875
7.179177 5.130002
7.195523 5.123449
7.211956 5.117228
7.228373 5.111350
7.244798 5.105827
7.261245 5.100666
7.277762 5.095873
7.294052 5.091455
7.310520 5.087414
7.326953 5.083753
7.343414 5.080471
7.359854 5.077568
7.376203 5.075042
7.392672 5.072888
7.409161 5.071102
7.425491 5.069678
7.441967 5.068608
7.458512 5.067885
7.474852 5.067500
7.491225 5.067442
7.507688 5.067702
7.524199 5.068268
7.540579 5.069128
7.556915 5.070270
7.573348 5.071682
7.589853 5.073351
7.606365 5.075264
7.622664 5.077409
7.639124 5.079773
7.655474 5.082343
7.671944 5.085107
7.688415 5.088052
7.704849 5.091167
7.721196 5.094440
7.737686 5.097860
7.754097 5.101415
7.770510 5.105096
7.786972 5.108892
7.803415 5.112792
7.819872 5.116788
7.836258 5.120869
7.852667 5.125027
7.869099 5.129252
7.885540 5.133536
7.901973 5.137871
7.918371 5.142247
7.934849 5.146656
7.951297 5.151090
7.967597 5.155541
7.984099 5.160000
